# SYSTEM: CrFeCoNi
# Method: l2t-MD

# NOTES:
# t: time
# ps: Picoseconds
# T_lat: The average lattice temperature of the simulation cell
# K: Kelvin
# Each two consecutive columns represents a result from a single simulation repeated with different Primary Knock-on Atom (PKA) directions and different high entropy alloy (HEA) structure

#t(ps)    T_lat(K)  t(ps)     T_lat(K)  t(ps)     T_lat(K)  t(ps)     T_lat(K)  t(ps)     T_lat(K)  t(ps)     T_lat(K)  t(ps)     T_lat(K)  t(ps)     T_lat(K)  t(ps)     T_lat(K)  t(ps)     T_lat(K)
0         396.4258  0         408.8179  0         403.4132  0         409.3769  0         409.1335  0         408.7231  0         408.6491  0         408.76    0         408.7773  0         396.3526
0.002483  395.9549  0.002482  408.313   0.00293   402.8878  0.00248   408.9371  0.002557  408.7093  0.002488  408.3426  0.002489  408.075   0.002481  408.2924  0.00248   408.2408  0.002483  395.9377
0.004976  390.1009  0.005005  408.0184  0.006198  401.1314  0.004991  408.2471  0.005193  407.7923  0.00499   408.0047  0.004988  406.7068  0.004976  394.4269  0.004975  406.2266  0.004974  395.6518
0.007573  395.2101  0.007546  407.3266  0.009702  401.6384  0.007534  408.063   0.007846  407.9224  0.007526  406.5126  0.007553  404.5183  0.007564  407.4608  0.007505  407.511   0.007477  395.2888
0.010208  393.4269  0.010115  405.8282  0.013508  400.3647  0.010088  407.8552  0.010526  406.9567  0.010085  406.8196  0.01013   406.6932  0.010168  407.2752  0.010045  407.1194  0.009985  394.9574
0.012882  394.1335  0.012693  406.3301  0.017401  397.4859  0.012655  407.1656  0.01334   406.9884  0.01343   403.2646  0.012723  406.3401  0.012856  405.1803  0.012597  406.5564  0.012499  394.4273
0.015661  393.3818  0.015301  403.4267  0.021469  397.6255  0.01527   406.6043  0.016399  405.8461  0.017155  401.5878  0.015455  405.9001  0.015639  403.8799  0.015154  404.988   0.015021  393.8217
0.018595  392.9038  0.017883  405.2978  0.026746  395.53    0.018302  405.373   0.01948   393.3849  0.021401  404.078   0.018323  404.868   0.018571  404.8639  0.017726  405.6198  0.017551  394.0425
0.021628  391.9448  0.020381  404.6611  0.033488  391.2962  0.021614  404.1726  0.022964  404.0024  0.025702  402.2153  0.021276  404.1965  0.021814  397.7965  0.020299  403.1872  0.020091  393.1202
0.024698  387.1563  0.022929  404.2842  0.041439  387.8242  0.025234  404.5003  0.026943  401.4981  0.030027  399.9285  0.024401  403.8879  0.025403  400.4647  0.022885  405.1305  0.022635  393.0698
0.0279    390.2981  0.025523  402.3755  0.050345  384.4068  0.028957  401.0218  0.031862  399.6679  0.03442   399.8635  0.027558  402.7246  0.02906   400.7129  0.025474  404.7652  0.025186  392.8195
0.032501  388.2602  0.028153  403.0984  0.059904  380.2034  0.032703  402.7025  0.037786  398.4214  0.038828  397.3761  0.030728  401.9235  0.032769  398.9629  0.028076  404.1811  0.027746  392.5193
0.037399  386.5736  0.030818  400.9744  0.069935  374.8155  0.036467  400.311   0.044434  393.7038  0.043256  396.0614  0.033909  400.9949  0.036857  397.5742  0.030689  403.649   0.03031   392.0492
0.043246  384.0826  0.033546  401.4232  0.080435  369.4599  0.040281  399.1414  0.053246  388.6338  0.047713  395.8988  0.037149  397.7119  0.041834  395.8773  0.033326  403.2433  0.032881  391.3975
0.05082   377.2403  0.036306  399.9622  0.091196  363.8693  0.044131  397.1457  0.065933  383.1568  0.052185  393.4817  0.040597  398.1949  0.047181  393.2115  0.035974  402.8006  0.035464  387.5887
0.062296  376.5114  0.039165  398.345   0.102363  358.562   0.048047  397.5297  0.083891  373.1314  0.056672  391.0616  0.044563  396.3013  0.053027  389.0148  0.038637  401.7486  0.038066  387.2909
0.078782  368.9616  0.04206   399.3607  0.113916  353.2937  0.052     394.0552  0.108176  360.1814  0.061177  389.2917  0.048649  392.1285  0.059859  388.4326  0.041334  401.4114  0.040703  389.8562
0.098328  359.3958  0.044977  397.1827  0.126053  348.8418  0.056027  392.3303  0.16017   342.7924  0.065694  386.8155  0.052864  392.9612  0.066849  383.7607  0.0441    401.1631  0.043399  389.4964
0.126393  347.0162  0.048378  396.2465  0.139009  345.0944  0.060145  391.3536  0.309817  342.5035  0.070227  387.032   0.057915  386.1437  0.07395   381.5492  0.046898  399.5758  0.046119  389.3268
0.17977   336.2724  0.051848  395.0829  0.152933  342.3333  0.064305  390.8293  0.52808   342.7158  0.074777  385.2919  0.063626  388.2988  0.081502  377.936   0.050252  398.8874  0.048864  388.6909
0.308316  336.8525  0.055345  394.3618  0.169141  340.473   0.068595  387.8785  0.768338  342.1259  0.079343  382.8356  0.07051   383.8902  0.089441  372.4112  0.054196  398.4586  0.051789  385.6473
0.534289  337.119   0.058995  393.2213  0.195703  339.5129  0.072934  387.2463  1.03158   341.6234  0.083927  381.2814  0.078434  380.1991  0.097577  367.9993  0.058501  396.3272  0.0548    387.4467
0.786259  337.0997  0.06343   390.9528  0.273087  340.0118  0.077566  385.649   1.3127    341.5949  0.088533  378.9828  0.089283  372.8646  0.10595   363.9212  0.06321   395.7752  0.058215  386.6303
1.07162   336.9192  0.068173  389.2538  0.464268  340.4748  0.082524  382.9411  1.60464   341.6749  0.093157  377.0718  0.105515  366.5565  0.114813  359.9842  0.068306  393.1652  0.061923  385.7796
1.35333   336.7604  0.073416  387.0167  0.703986  340.1603  0.087764  381.1716  1.90433   342.2979  0.097799  375.2708  0.130141  354.3732  0.124205  355.6664  0.073822  390.488   0.067087  383.4692
1.65412   336.8998  0.080792  383.2972  0.96111   339.8014  0.093177  377.788   2.21174   342.3932  0.102462  373.7423  0.194941  340.2876  0.134142  352.2154  0.079619  389.3516  0.072523  383.1524
1.96497   337.2546  0.089844  377.6053  1.23891   339.8325  0.098755  374.1551  2.52598   342.519   0.107148  371.3043  0.345169  341.7296  0.146492  347.9903  0.085657  380.8273  0.078191  380.0025
2.28973   337.693   0.099895  372.6986  1.53552   340.4953  0.10454   371.8216  2.85393   342.8098  0.111859  370.1966  0.590619  341.2247  0.16279   344.4444  0.092488  382.8073  0.084067  376.4916
2.62801   337.808   0.11216   368.1967  1.83571   340.6543  0.111102  369.1039  3.19971   342.5589  0.11659   368.4566  0.858261  341.0792  0.185359  341.8725  0.101323  379.0271  0.090037  374.6211
2.97359   338.147   0.126073  361.1322  2.13654   340.8414  0.118297  366.1298  3.55208   342.6113  0.121339  366.9845  1.15039   341.5225  0.220069  340.6153  0.112158  372.743   0.096223  373.533
3.31889   337.8668  0.145007  353.6682  2.46516   340.762   0.127593  361.2593  3.91225   343.4003  0.126105  365.4498  1.45224   342.0821  0.308885  341.1925  0.128032  365.713   0.1026    370.1959
3.67776   338.0536  0.176438  344.1075  2.80225   340.81    0.143268  354.8743  4.27408   343.2775  0.130909  364.0562  1.75688   342.0053  0.546352  341.6241  0.150936  355.1908  0.109035  367.2385
4.05021   338.5147  0.255337  339.7713  3.14978   341.0425  0.167257  348.234   4.65432   343.4115  0.135747  362.0847  2.06593   342.1514  0.808049  341.8304  0.191354  342.542   0.115575  365.2532
4.43427   338.7085  0.468204  341.2493  3.51031   340.7074  0.199633  342.0507  5.03545   343.491   0.140624  361.2267  2.40605   342.647   1.08806   341.6986  0.272605  338.8702  0.122177  362.8526
4.82918   338.5147  0.738704  341.3225  3.88121   341.5725  0.254808  339.4058  5.42399   342.2916  0.145545  360.106   2.76663   342.46    1.39788   341.4061  0.456812  340.6072  0.129108  359.1239
5.23272   337.9277  1.01728   341.6411  4.26379   341.6672  0.435539  341.2734  5.83255   341.5805  0.150495  358.9381  3.12413   342.8847  1.7027    342.0929  0.731382  340.846   0.136736  356.8947
5.65111   337.3366  1.2986    341.9959  4.65216   341.5555  0.703819  341.3707  6.24021   342.5134  0.155482  358.0152  3.49291   342.4226  2.02189   342.3594  1.03144   341.2394  0.145119  353.4173
6.06061   336.883   1.60141   342.4679  5.05421   341.2199  1.00879   341.7998  6.66884   343.6615  0.160515  357.4878  3.87336   343.2735  2.35346   342.481   1.34473   341.4663  0.155666  349.0474
6.47951   338.0268  1.91515   342.6927  5.47073   340.7248  1.31022   342.7309  7.09258   341.6133  0.165583  356.4772  4.26378   343.3258  2.69856   342.6307  1.66673   341.8141  0.169748  344.8754
6.90258   337.8404  2.24727   343.0057  5.88007   340.1251  1.61785   343.3134  7.52862   341.2382  0.170691  354.7113  4.66099   343.5458  3.04176   342.8142  2.01525   342.3146  0.188567  340.5754
7.34725   336.2571  2.58454   343.0514  6.3204    341.0264  1.95007   343.6926  7.97009   341.7369  0.175849  353.5568  5.07133   342.968   3.3995    342.3018  2.37534   342.7105  0.223282  336.3734
7.8224    337.0281  2.92804   343.461   6.74404   341.4436  2.30326   343.6957  8.43611   340.3476  0.181197  353.0761  5.49416   342.385   3.74503   343.2654  2.74481   342.5747  0.331641  335.0597
8.29504   335.7997  3.28842   343.0939  7.20111   339.3175  2.66968   343.5911  8.91846   339.335   0.187204  349.9158  5.91835   341.9878  4.11722   342.9033  3.11826   342.9975  0.5668    335.7992
8.8043    334.6776  3.66568   342.999   7.70583   339.6841  3.0373    343.9355  9.42328   339.3673  0.19427   351.4894  6.35185   342.4743  4.5051    343.3758  3.51031   342.5349  0.822934  335.5992
9.34657   334.6912  4.05067   343.3503  8.23941   338.79    3.40821   343.2281  9.94163   340.2144  0.20161   351.9462  6.82514   342.9549  4.8984    342.7691  3.90875   343.1615  1.10652   335.907
9.91464   335.3279  4.43951   343.6378  8.78856   337.5011  3.79906   344.0786  10.4955   339.8623  0.209883  351.4493  7.33364   340.8234  5.29755   342.4586  4.31795   343.0401  1.38768   336.0787
10.4893   335.0693  4.85209   343.2139  9.3372    337.6205  4.21425   343.7751  11.0466   339.4612  0.219238  349.7387  7.87339   341.623   5.70051   341.8437  4.74372   342.8202  1.68351   336.5616
11.0882   334.7625  5.27239   342.6225  9.92484   338.1765  4.6462    343.6507  11.6088   338.9109  0.232669  348.5679  8.42119   339.9219  6.1262    341.9019  5.17231   342.4401  1.99033   336.966
11.6944   333.8696  5.69563   341.7996  10.5235   337.5835  5.08788   343.032   12.1935   338.8661  0.249229  346.2793  9.00796   339.0605  6.56714   343.4066  5.61707   341.7553  2.31535   337.0547
12.311    334.0359  6.13485   341.5965  11.1291   337.3634  5.55886   342.4335  12.7995   337.4933  0.274215  343.3231  9.61221   338.9761  6.99468   342.1687  6.05791   341.0755  2.65583   337.3832
12.9488   332.8702  6.57734   342.8886  11.753    336.5269  6.04002   341.6899  13.4464   337.805   0.336301  339.1642  10.2313   339.6184  7.42995   340.8646  6.55102   342.2624  3.01983   337.1992
13.5965   333.538   7.01261   341.9105  12.3915   336.6383  6.55301   342.455   14.0494   338.065   0.519784  340.0693  10.8656   338.9684  7.90745   341.7251  7.04302   341.0721  3.38913   337.0863
14.26     332.8214  7.49339   340.8082  13.0595   335.5797  7.08173   341.6039  14.6874   335.6213  0.80296   340.3721  11.5078   338.5907  8.39729   340.0129  7.57316   340.5199  3.76792   337.4165
14.9307   332.1121  8.02271   341.0448  13.7423   336.1749  7.65838   340.7592  15.3492   337.2183  1.10134   340.1749  12.1671   338.3677  8.89818   339.499   8.13276   340.2999  4.16355   337.438
15.6228   332.5851  8.57848   339.5641  14.4244   334.4091  8.25327   340.2186  16.0276   336.4621  1.42758   341.1037  12.8301   337.0889  9.43263   339.0626  8.71717   338.701   4.5678    337.7422
16.328    332.1046  9.15851   339.5197  15.1049   334.8839  8.87846   339.2728  16.7153   336.1048  1.75957   341.5747  13.5209   337.799   9.98517   340.1961  9.30609   338.8016  4.98639   337.3096
17.0409   331.9292  9.75809   339.3931  15.8176   334.6388  9.45451   339.2636  17.4031   336.5271  2.10249   342.0224  14.2142   336.9788  10.5627   339.5101  9.90203   339.0666  5.41381   336.8625
17.7589   331.5016  10.3676   339.598   16.5311   334.5168  10.1068   339.9923  18.0694   335.326   2.45517   342.3018  14.898    336.0602  11.1605   339.1048  10.5338   338.8004  5.83606   336.3313
18.4845   331.2529  10.9935   339.034   17.2442   334.5686  10.7793   338.8669  18.7864   335.6343  2.81843   342.4354  15.601    336.572   11.7595   338.3702  11.1728   338.5631  6.27701   336.7491
19.2161   331.628   11.647    338.3583  17.9617   333.5246  11.4529   338.8246  19.4962   336.1136  3.20807   342.2588  16.3308   336.3548  12.3691   338.4366  11.8137   337.834   6.73333   337.3253
19.9559   330.7089  12.2946   338.3134  18.6978   333.9027  12.081    338.2414  20.1929   333.8885  3.59745   342.4282  17.0615   335.7953  13.0113   337.2476  12.4597   337.8629  7.20743   335.7575
20.7073   330.2004  12.9637   337.18    19.4214   333.8345  12.7759   337.6838  20.9329   334.9487  4.00929   342.5757  17.7883   335.4029  13.6856   337.9254  13.149    336.8325  7.72494   336.1501
21.458    330.8046  13.6598   337.7721  20.1615   332.2993  13.4934   337.5517  21.6464   334.4262  4.41927   342.4938  18.5135   335.3858  14.3321   336.653   13.8366   337.2493  8.26767   335.5801
22.2057   330.6619  14.3679   336.7668  20.9085   332.7868  14.2169   337.1417  22.3818   335.2705  4.84499   342.6854  19.2413   335.4372  14.9544   336.5472  14.5275   335.7887  8.8356    334.5319
22.9544   330.4665  15.0606   336.5587  21.6522   333.0249  14.9284   336.2259  23.1184   334.5301  5.27532   341.7959  19.9798   334.3711  15.6517   336.6147  15.2232   336.5812  9.43254   334.272
23.7022   329.7522  15.7772   336.699   22.3998   333.2279  15.6506   336.6482  23.8625   333.4202  5.72654   341.2456  20.724    334.4007  16.3546   336.5518  15.9394   336.0208  10.0482   334.9667
24.4635   330.0249  16.4953   336.3967  23.1468   332.5256  16.3926   336.439   24.6143   334.5621  6.19273   341.1999  21.4733   334.6561  17.0582   336.3435  16.6543   335.7118  10.6685   334.5348
25.2153   330.1006  17.2192   336.2221  23.9001   331.5428  17.1212   336.2639  25.3683   333.8783  6.68771   342.0161  22.2141   334.3721  17.7679   335.5472  17.3766   336.0236  11.3146   334.2409
25.9711   329.5399  17.9438   335.4086  24.6515   332.8083  17.855    335.1643  26.1137   333.0792  7.17276   340.372   22.9615   334.2774  18.4806   335.6597  18.0933   335.3174  11.9659   333.741
26.7373   329.5841  18.6399   335.7341  25.4056   332.0274  18.5549   335.7957  26.8666   333.6019  7.73313   340.2224  23.7126   333.6261  19.2093   335.6748  18.8222   335.4943  12.5793   333.5232
27.4977   328.7815  19.3755   335.4974  26.1572   331.3376  19.2999   335.1441  27.6193   332.8035  8.2928    339.7012  24.4689   334.1155  19.949    334.682   19.5646   335.3755  13.2474   333.1286
28.2659   329.8911  20.1185   334.3162  26.9098   331.9435  20.0473   334.7836  28.3757   333.9818  8.89266   338.9257  25.2241   334.0718  20.6932   334.1761  20.3112   334.147   13.9567   333.3559
29.0192   328.8493  20.8702   334.8577  27.6665   331.3655  20.8023   334.5761  29.1257   332.5833  9.50563   338.5113  25.9758   333.2439  21.4314   334.8158  21.0534   334.587   14.665    331.7767
29.777    329.036   21.6147   334.9021  28.4236   332.019   21.5506   335.0322  29.8706   333.1483  10.1323   339.3713  26.7344   333.3204  22.1742   334.6298  21.8026   334.3372  15.3642   332.6617
30.5381   329.4332  22.3627   335.0412  29.1758   331.1152  22.3101   334.6797  30.6285   333.3542  10.7757   338.8067  27.4888   332.6205  22.927    334.3431  22.5489   334.9823  16.0826   332.3082
31.3046   328.7885  23.1144   334.5963  29.9269   331.2066  23.054    334.4848  31.3941   332.5551  11.4163   338.4607  28.2438   333.7834  23.6197   333.6291  23.3051   334.183   16.8246   331.8038
32.0713   329.3607  23.8622   333.9494  30.6913   331.6582  23.7969   333.7398  32.1577   332.9328  12.0763   338.0122  28.9984   332.806   24.3444   333.8227  24.0598   333.7582  17.5607   332.0918
32.8287   328.3954  24.6164   334.6241  31.4534   330.9412  24.5443   334.3957  32.9085   332.2586  12.7505   337.4309  29.7451   332.779   25.0959   334.3125  24.8071   334.4728  18.3095   331.7382
33.5932   328.8432  25.3765   334.0711  32.2087   330.9787  25.2955   333.8051  33.6661   332.8163  13.4643   337.3054  30.4968   333.1006  25.8509   333.8506  25.5653   333.8815  19.0484   331.574
34.354    329.1465  26.1267   333.5022  32.9765   330.6286  26.0456   333.9104  34.4293   332.9482  14.1803   336.9324  31.2552   332.7331  26.6041   333.3387  26.3242   333.0445  19.7953   331.7582
35.1155   328.4479  26.8853   334.0319  33.7384   331.1014  26.7996   333.5804  35.1902   332.0515  14.8833   336.067   32.0199   332.9071  27.3661   332.9542  27.0714   333.6695  20.5532   330.5963
35.8807   328.5459  27.644    333.2445  34.493    331.0524  27.5594   333.3347  35.9494   332.1978  15.5927   336.3     32.7837   332.4176  28.1148   334.021   27.8372   333.3862  21.3045   331.1783
36.6494   328.6895  28.3996   334.0869  35.2624   330.6331  28.3194   333.8791  36.7084   332.6555  16.272    336.408   33.5514   332.5861  28.8717   333.3263  28.5974   333.8663  22.0629   330.6369
37.4186   328.7127  29.1543   333.0877  36.0239   330.9732  29.0644   333.4397  37.474    332.6021  16.9599   335.769   34.3111   333.2045  29.6282   332.6322  29.3506   332.8375  22.76     331.1553
38.189    328.1164  29.9083   333.4328  36.7896   330.8898  29.8149   332.8699  38.2369   331.7405  17.687    335.8269  35.0682   332.1538  30.3793   333.2512  30.1099   333.2918  23.5217   330.5025
38.9595   327.855   30.6697   333.6205  37.558    331.0862  30.5663   333.4971  38.9989   332.0447  18.388    335.6578  35.8244   332.4091  31.135    333.0532  30.8671   333.586   24.28     330.1823
39.7262   328.7065  31.3973   333.207   38.3192   330.2864  31.3324   332.8932  39.7601   332.6396  19.1291   335.7704  36.5868   332.4627  31.8954   332.965   31.6241   332.9996  25.0395   330.7866
40.4912   328.4026  32.1564   333.284   39.0828   330.8855  32.0939   333.2476  40.5168   332.0631  19.8686   335.3325  37.3451   332.6322  32.6579   332.3292  32.383    332.628   25.7925   330.5683
41.2515   328.2139  32.9177   332.9847  39.8515   330.7166  32.8614   332.9486  41.2734   332.0171  20.6194   334.7054  38.1133   331.867   33.4194   332.6767  33.1393   332.5421  26.5577   330.058
42.0118   327.9107  33.6764   333.201   40.6089   330.5773  33.6256   332.8825  42.0317   331.5049  21.37     334.9211  38.8785   331.6905  34.1762   333.3447  33.8551   333.0679  27.3222   329.7471
42.7779   328.7598  34.4358   333.4543  41.3737   330.4475  34.3841   333.457   42.7986   332.6397  22.1171   334.6218  39.6348   332.5735  34.9351   332.0551  34.6163   332.7626  28.0835   330.5127
43.5469   328.3079  35.1908   332.6593  42.1299   330.0065  35.1426   332.2895  43.5571   332.251   22.8192   334.5915  40.3944   332.0423  35.6903   332.4329  35.3657   332.491   28.8429   330.0867
44.3094   327.7351  35.95     333.0042  42.9002   330.671   35.9038   332.6195  44.3212   330.9847  23.5733   334.2294  41.1553   331.8509  36.4522   332.5785  36.1181   332.6677  29.6045   329.4572
45.0816   328.4468  36.7149   333.1332  43.6633   330.3648  36.6684   332.8819  45.0778   332.3035  24.3208   334.1168  41.9217   331.659   37.2129   332.3704  36.8762   333.025   30.3649   330.0785
45.8492   328.327   37.4708   333.1249  44.4255   329.6139  37.4265   332.5885  45.8296   331.9219  25.0838   334.6948  42.6847   332.3968  37.9761   332.3188  37.6366   332.7948  31.1369   329.8425
46.6198   328.335   38.2332   332.4404  45.1876   330.6604  38.188    332.1823  46.5885   332.0467  25.8413   334.2905  43.4467   332.1816  38.7369   331.7152  38.3973   332.1189  31.902    329.9967
47.388    327.9524  38.9935   332.6042  45.9525   330.3362  38.9521   332.5699  47.353    331.2501  26.5989   333.7292  44.2147   331.3592  39.4974   332.712   39.1516   332.5737  32.6606   329.3577
48.1572   328.013   39.7574   332.9621  46.7031   330.376   39.7167   332.5886  48.1226   331.7005  27.3643   333.5446  44.9693   332.077   40.2562   332.4451  39.9121   332.7114  33.4278   329.444
48.9213   328.5706  40.52     332.5694  47.4684   329.7073  40.4711   332.5788  48.8844   332.4511  28.1251   334.3385  45.7302   331.9641  41.0119   332.0863  40.6731   332.4778  34.1911   329.9822
49.6872   328.0157  41.2827   332.5683  48.2231   330.2648  41.2247   332.141   49.6545   331.5914  28.8764   333.6601  46.4889   332.0209  41.7751   331.9283  41.4408   332.5266  34.955    329.0082
50.4544   327.8775  42.0478   332.2216  48.989    330.6831  41.9833   332.264   50.4205   331.3452  29.6259   333.2312  47.2434   331.631   42.5323   332.1914  42.1968   331.9688  35.7232   329.455
51.2175   328.3403  42.8117   332.9334  49.7526   330.1652  42.7469   332.8244  51.1794   331.822   30.3786   333.7344  48.0039   331.8103  43.2928   332.1087  42.9593   332.6851  36.4889   329.391
51.9828   328.363   43.5725   332.6545  50.5148   329.8383  43.5079   332.5507  51.9352   331.9327  31.1386   333.5657  48.7546   332.4933  44.0589   331.5665  43.7221   332.4675  37.2502   329.4418
52.7457   328.0737  44.3318   331.921   51.2787   330.478   44.2731   331.6471  52.6962   331.7102  31.8968   333.5462  49.5228   331.4653  44.8196   332.0066  44.48     331.7497  38.0182   329.4251
53.5186   327.6907  45.092    332.634   52.0417   330.5205  45.0409   332.6196  53.4598   331.0897  32.6631   333.0992  50.2855   331.6235  45.5839   332.1004  45.242    332.6303  38.7749   328.8388
54.2771   328.5694  45.853    332.6335  52.8076   329.9746  45.8016   332.3894  54.221    332.2584  33.4202   333.2807  51.0427   331.8151  46.3413   331.9285  46.0034   332.2835  39.5413   329.6468
55.043    328.1506  46.619    332.4453  53.5661   329.8236  46.5626   332.3292  54.9795   331.8249  34.1819   333.7061  51.8016   331.8413  47.1071   331.7437  46.771    332.2946  40.302    329.5229
55.7887   328.0433  47.3772   332.0247  54.3325   330.6493  47.3285   332.1412  55.738    331.6864  34.9342   332.9004  52.5736   331.765   47.8742   331.6029  47.4679   331.8117  41.0614   329.0067
56.5532   327.6061  48.1386   332.3749  55.0922   330.0508  48.0948   332.0789  56.5041   331.1866  35.6972   333.1807  53.3342   331.2374  48.6344   332.7216  48.2231   332.1246  41.8312   329.3106
57.3204   328.0507  48.8978   332.8069  55.8523   330.1089  48.853    332.5825  57.2716   331.8447  36.4551   333.2568  54.0939   332.1168  49.3939   331.5483  48.9848   332.6628  42.5938   329.4287
58.0811   328.1996  49.6656   332.0626  56.6246   329.6696  49.6128   332.02    58.029    331.9619  37.2199   333.3242  54.8518   331.6738  50.1488   331.6024  49.7503   332.2446  43.3124   329.3776
58.8492   327.5592  50.4334   331.9336  57.385    330.3007  50.3797   331.8435  58.7888   331.105   37.9814   333.1655  55.613    331.4621  50.9073   331.9803  50.5173   331.9669  44.0626   328.8198
59.6203   328.0019  51.1903   332.5492  58.1392   330.3184  51.1429   332.5098  59.554    331.5924  38.7314   332.4504  56.3794   331.3943  51.6709   331.7599  51.2764   332.2302  44.8251   329.0823
60.3945   328.0736  51.9595   332.6698  58.9029   329.3994  51.9127   332.1351  60.3159   331.7959  39.4929   333.4282  57.1389   331.6854  52.4296   332.0716  52.0456   332.3949  45.5847   329.2565
61.167    328.1798  52.726    332.2667  59.6648   330.2441  52.6739   331.9325  61.0759   331.7956  40.2566   333.0003  57.9058   331.8282  53.1949   331.4407  52.8114   331.6991  46.3511   329.0308
61.9362   327.8625  53.4902   332       60.4298   329.9973  53.4394   331.882   61.8412   331.4469  40.9509   333.0215  58.6734   331.4794  53.9569   331.9759  53.5718   331.8677  47.1197   329.0969
62.7036   327.7826  54.2515   332.6033  61.1933   330.2299  54.2001   332.2352  62.6079   331.0465  41.7109   332.8775  59.4381   331.6772  54.7128   331.9237  54.3305   332.392   47.881    328.9408
63.4665   328.2749  55.016    332.1933  61.9531   329.8002  54.9558   332.2655  63.369    332.083   42.4674   333.1768  60.2038   331.7084  55.4734   331.6479  55.0966   332.0173  48.6456   329.3826
64.2328   328.0157  55.7797   332.4053  62.7246   329.9185  55.723    332.0484  64.1328   331.5962  43.2314   332.7964  60.9609   331.7837  56.2377   331.642   55.8528   332.0456  49.4181   328.7051
65.0024   327.6004  56.55     331.9006  63.4907   330.1889  56.4847   331.7991  64.9023   331.1988  43.9943   332.7157  61.7215   331.7995  57.0054   331.9206  56.6153   331.8156  50.1879   328.8441
65.7764   327.8684  57.3158   332.3071  64.2588   330.0852  57.2517   332.1457  65.6641   331.8196  44.755    332.6208  62.4771   330.9545  57.7686   331.8628  57.3753   332.1823  50.9518   328.9505
66.5448   327.9793  58.0849   332.4712  65.0276   329.5095  58.017    332.0592  66.4282   331.7261  45.5214   332.7912  63.2368   331.9419  58.5313   331.8288  58.1452   332.534   51.7193   328.7792
67.3166   328.1401  58.8444   331.792   65.7946   330.1077  58.7806   331.7721  67.1841   331.9699  46.2759   332.827   63.9898   331.871   59.2945   331.3593  58.9064   331.4586  52.4792   329.3719
68.0779   327.4321  59.6118   332.3756  66.5639   330.1987  59.54     332.172   67.9476   330.9493  47.0433   332.7281  64.7492   331.4109  60.0502   331.8693  59.6762   332.05    53.2441   328.5573
68.8388   328.1211  60.371    332.1754  67.3297   330.2766  60.3022   332.1861  68.7078   331.8395  47.8051   332.4674  65.5091   331.7287  60.815    331.5286  60.4391   332.0301  54.0097   329.2148
69.6018   327.8004  61.1327   332.4062  68.0971   329.5901  61.0675   332.0665  69.4713   331.4962  48.5587   332.9088  66.2627   331.5837  61.5773   331.9317  61.1962   332.4129  54.7736   329.1088
70.3689   327.9701  61.8906   332.3238  68.861    330.2547  61.8328   331.8963  70.2325   331.8747  49.3203   332.5071  67.0287   331.8399  62.3435   330.9779  61.9605   331.7627  55.531    329.0032
71.134    327.5887  62.6541   332.0856  69.6248   329.99    62.593    331.7354  70.9994   331.3517  50.0886   332.6727  67.7979   331.2363  63.1111   332.0816  62.7205   331.8628  56.2888   328.9618
71.9024   327.8934  63.4149   332.334   70.3892   330.085   63.3563   332.2774  71.7614   331.4898  50.8485   332.7293  68.5667   331.2061  63.8717   331.9382  63.471    332.1387  57.048    328.9624
72.669    328.2664  64.1786   332.1941  71.1591   329.644   64.1173   332.2244  72.529    331.8953  51.6097   332.4554  69.331    331.5584  64.6377   331.571   64.2328   331.9661  57.8176   328.8142
