# SYSTEM: CrFeCoNi
# Method: l2t-MD

# NOTES:
# t: time
# ps: Picoseconds
# T_lat^I: The maximum local lattice temperature
# K: Kelvin
# Each two consecutive columns represents a result from a single simulation repeated with different Primary Knock-on Atom (PKA) directions and different high entropy alloy (HEA) structure

#t(ps)    T_lat^I(K)  t(ps)     T_lat^I(K)  t(ps)     T_lat^I(K)  t(ps)     T_lat^I(K)  t(ps)     T_lat^I(K)  t(ps)     T_lat^I(K)  t(ps)     T_lat^I(K)  t(ps)     T_lat^I(K)
0         784218      0         925783      0         857319      0         875659      0         889336      0         906103      0         869230      0         773533
0.002483  774993      0.002482  867433      0.00293   852752      0.002557  915885      0.002489  941631      0.002481  902056      0.00248   867027      0.002483  810441
0.004976  693329      0.005005  863314      0.006198  453871      0.005193  760047      0.004988  778764      0.004976  805488      0.004975  865953      0.004974  809035
0.007573  718601      0.007546  924648      0.009702  460323      0.007846  759166      0.007553  763142      0.007564  855517      0.007505  872436      0.007477  742036
0.010208  745189      0.010115  838906      0.013508  305802      0.010526  800077      0.01013   809184      0.010168  783677      0.010045  758364      0.009985  697916
0.012882  741634      0.012693  707078      0.017401  301446      0.01334   799459      0.012723  806290      0.012856  794183      0.012597  754505      0.012499  657248
0.015661  639349      0.015301  686921      0.021469  299375      0.016399  543292      0.015455  606617      0.015639  800773      0.015154  833631      0.015021  802060
0.018595  508121      0.017883  700840      0.026746  163141      0.01948   457543      0.018323  635462      0.018571  536141      0.017726  875542      0.017551  805069
0.021628  468488      0.020381  696808      0.033488  143688      0.022964  437557      0.021276  665181      0.021814  497516      0.020299  772769      0.020091  878850
0.024698  436379      0.022929  736632      0.041439  108236      0.026943  431217      0.024401  505935      0.025403  444826      0.022885  785565      0.022635  713032
0.0279    430797      0.025523  786394      0.050345  71481.6     0.031862  240112      0.027558  500504      0.02906   421719      0.025474  700738      0.025186  712029
0.032501  262603      0.028153  715625      0.059904  63877.7     0.037786  181770      0.030728  488279      0.032769  418610      0.028076  716079      0.027746  636403
0.037399  227903      0.030818  665276      0.069935  46980.5     0.044434  89561.2     0.033909  535678      0.036857  235144      0.030689  714210      0.03031   664817
0.043246  225344      0.033546  660181      0.080435  48656.1     0.053246  82967.7     0.037149  529140      0.041834  237097      0.033326  767619      0.032881  697614
0.05082   90747.6     0.036306  677604      0.091196  47198.6     0.065933  56152.1     0.040597  464045      0.047181  183412      0.035974  768102      0.035464  704209
0.062296  76336       0.039165  660856      0.102363  47186.2     0.083891  25906       0.044563  286536      0.053027  157983      0.038637  773835      0.038066  662169
0.078782  43148.8     0.04206   523781      0.113916  36762.9     0.108176  19591.1     0.048649  263342      0.059859  159346      0.041334  757963      0.040703  698974
0.098328  25772.8     0.044977  508393      0.126053  35470.4     0.16017   8874.09     0.052864  301036      0.066849  131347      0.0441    794448      0.043399  637131
0.126393  14208.7     0.048378  504267      0.139009  29002.3     0.309817  7663.4      0.057915  264633      0.07395   128762      0.046898  737916      0.046119  626173
0.17977   7534.79     0.051848  410204      0.152933  26504.2     0.52808   6426.79     0.063626  143761      0.081502  109658      0.050252  375742      0.048864  578873
0.308316  5756.87     0.055345  397310      0.169141  18092.5     0.768338  5356.41     0.07051   109638      0.089441  96221.4     0.054196  327316      0.051789  506441
0.534289  4907.58     0.058995  390497      0.195703  9994.69     1.03158   4911.46     0.078434  77017.2     0.097577  84986.3     0.058501  272750      0.0548    511855
0.786259  4288.58     0.06343   234840      0.273087  8673.32     1.3127    4644.35     0.089283  30310.9     0.10595   76453.5     0.06321   290987      0.058215  509029
1.07162   4369.71     0.068173  224234      0.464268  6197.72     1.60464   3961.43     0.105515  33190.1     0.114813  74081.5     0.068306  186022      0.061923  318714
1.35333   3892.79     0.073416  213989      0.703986  5637.43     1.90433   3948.83     0.130141  14574.3     0.124205  57345.1     0.073822  153061      0.067087  309733
1.65412   3496.74     0.080792  92180.8     0.96111   5480.73     2.21174   3499.33     0.194941  7542.21     0.134142  56634       0.079619  151184      0.072523  203208
1.96497   3297.08     0.089844  64815.5     1.23891   4938.15     2.52598   3395.07     0.345169  5133.44     0.146492  33890.4     0.085657  113194      0.078191  200801
2.28973   3119.82     0.099895  39963       1.53552   4358.83     2.85393   3218.63     0.590619  4547.79     0.16279   29220.1     0.092488  129754      0.084067  198082
2.62801   2896.19     0.11216   38030.2     1.83571   4006.5      3.19971   2800.68     0.858261  3870.36     0.185359  14049.8     0.101323  90007.4     0.090037  154723
2.97359   2618.95     0.126073  27370.1     2.13654   3451.33     3.55208   2579.54     1.15039   3648.72     0.220069  7080.87     0.112158  53962.1     0.096223  155265
3.31889   2592.16     0.145007  19131.2     2.46516   3099.49     3.91225   2427.06     1.45224   3368.69     0.308885  5364.69     0.128032  26190.7     0.1026    136909
3.67776   2465.16     0.176438  9236.05     2.80225   2914.4      4.27408   2400.71     1.75688   3071.02     0.546352  5033.29     0.150936  14651.7     0.109035  135519
4.05021   2337.39     0.255337  5909.78     3.14978   2624.86     4.65432   2232.86     2.06593   2895.94     0.808049  4565.16     0.191354  7354.72     0.115575  146296
4.43427   2193.14     0.468204  5108.02     3.51031   2585.54     5.03545   2089.42     2.40605   2785.57     1.08806   3820.47     0.272605  5426.48     0.122177  138352
4.82918   2036.87     0.738704  4260.39     3.88121   2315.07     5.42399   1999.27     2.76663   2559.8      1.39788   3561.18     0.456812  4125.88     0.129108  109618
5.23272   1982.73     1.01728   4046.67     4.26379   2193.69     5.83255   1908.96     3.12413   2428.44     1.7027    3574.84     0.731382  3669.55     0.136736  90599.9
5.65111   1963.09     1.2986    3879.02     4.65216   2170.78     6.24021   1906.75     3.49291   2268.92     2.02189   3271.88     1.03144   3525.27     0.145119  88081.2
6.06061   1771.67     1.60141   3569.79     5.05421   1996.24     6.66884   1928.25     3.87336   2158.33     2.35346   3101.89     1.34473   2892.06     0.155666  44801.7
6.47951   1752.44     1.91515   3363.15     5.47073   1963.32     7.09258   1728.69     4.26378   2025.48     2.69856   2858.34     1.66673   2903.33     0.169748  39985.3
6.90258   1814.08     2.24727   3121.85     5.88007   1851.85     7.52862   1558.56     4.66099   1945.22     3.04176   2861.96     2.01525   2729.69     0.188567  16617.6
7.34725   1598.03     2.58454   3067.13     6.3204    1740.83     7.97009   1668.97     5.07133   1920.88     3.3995    2676.09     2.37534   2549.03     0.223282  8846.71
7.8224    1437.04     2.92804   2955.45     6.74404   1703.48     8.43611   1531.33     5.49416   1860.31     3.74503   2480.17     2.74481   2228.95     0.331641  6033.08
8.29504   1336.6      3.28842   2607.6      7.20111   1470.41     8.91846   1309.81     5.91835   1687.82     4.11722   2347.46     3.11826   2274.75     0.5668    4818.03
8.8043    1183.27     3.66568   2419.85     7.70583   1291.76     9.42328   1256.71     6.35185   1571.35     4.5051    2232.53     3.51031   2179.05     0.822934  4119.98
9.34657   1128.64     4.05067   2224.12     8.23941   1092.53     9.94163   1128.04     6.82514   1502.61     4.8984    2066.39     3.90875   2108.17     1.10652   3652.34
9.91464   1015.2      4.43951   2225.63     8.78856   986.773     10.4955   1047.03     7.33364   1249.08     5.29755   2008.08     4.31795   2025.29     1.38768   3441.41
10.4893   972.041     4.85209   2064.85     9.3372    939.834     11.0466   1001.45     7.87339   1089.84     5.70051   2023.48     4.74372   1945.09     1.68351   3399.99
11.0882   920.843     5.27239   1968.36     9.92484   906.032     11.6088   990.263     8.42119   1009.64     6.1262    1824.01     5.17231   1974.45     1.99033   3109.76
11.6944   846.626     5.69563   1809.49     10.5235   851.841     12.1935   881.666     9.00796   880.808     6.56714   1869.67     5.61707   1811.64     2.31535   2915.75
12.311    775.951     6.13485   1722.11     11.1291   787.81      12.7995   765.651     9.61221   797.644     6.99468   1737.82     6.05791   1673.91     2.65583   2987.12
12.9488   682.852     6.57734   1756.3      11.753    785.43      13.4464   703.301     10.2313   804.63      7.42995   1538.1      6.55102   1421.53     3.01983   2670.22
13.5965   660.781     7.01261   1765.29     12.3915   703.953     14.0494   723.454     10.8656   755.74      7.90745   1519.32     7.04302   1265.38     3.38913   2445.93
14.26     661.212     7.49339   1351.79     13.0595   637.238     14.6874   726.101     11.5078   721.987     8.39729   1487.53     7.57316   1121.38     3.76792   2430.81
14.9307   617.991     8.02271   1148.82     13.7423   621.529     15.3492   643.621     12.1671   653.777     8.89818   1252.18     8.13276   1001.74     4.16355   2253.51
15.6228   584.164     8.57848   1006.7      14.4244   635.027     16.0276   601.504     12.8301   618.361     9.43263   1177.77     8.71717   1018.09     4.5678    2161.73
16.328    557.83      9.15851   970.705     15.1049   582.99      16.7153   606.653     13.5209   580.663     9.98517   1007.6      9.30609   867.688     4.98639   2048.26
17.0409   569.392     9.75809   858.878     15.8176   551.86      17.4031   600.602     14.2142   601.452     10.5627   972.575     9.90203   823.201     5.41381   1859.49
17.7589   527.619     10.3676   840.595     16.5311   536.773     18.0694   563.878     14.898    577.508     11.1605   871.257     10.5338   776.728     5.83606   1929.55
18.4845   513.354     10.9935   753.615     17.2442   550         18.7864   578.447     15.601    525.227     11.7595   862.982     11.1728   714.811     6.27701   1868.49
19.2161   523.817     11.647    766.559     17.9617   513.221     19.4962   516.673     16.3308   519.415     12.3691   788.023     11.8137   726.27      6.73333   1785.76
19.9559   475.887     12.2946   723.83      18.6978   520.508     20.1929   491.456     17.0615   521.206     13.0113   681.52      12.4597   670.585     7.20743   1371.39
20.7073   458.197     12.9637   604.532     19.4214   483.048     20.9329   497.259     17.7883   503.808     13.6856   636.142     13.149    604.175     7.72494   1183
21.458    475.024     13.6598   566.554     20.1615   451.405     21.6464   505.147     18.5135   498.843     14.3321   692.281     13.8366   595.944     8.26767   1147.69
22.2057   454.716     14.3679   610.32      20.9085   453.791     22.3818   479.015     19.2413   479.057     14.9544   622.472     14.5275   619.27      8.8356    975.172
22.9544   444.687     15.0606   556.798     21.6522   466.433     23.1184   482.323     19.9798   455.879     15.6517   575.273     15.2232   549.551     9.43254   923.713
23.7022   480.11      15.7772   511.627     22.3998   447.802     23.8625   461.782     20.724    448.615     16.3546   557.979     15.9394   559.636     10.0482   864.446
24.4635   433.218     16.4953   514.61      23.1468   462.337     24.6143   437.853     21.4733   455.696     17.0582   587.677     16.6543   539.422     10.6685   838.861
25.2153   434.016     17.2192   527.581     23.9001   440.071     25.3683   454.013     22.2141   458.552     17.7679   571.09      17.3766   530.678     11.3146   754.326
25.9711   425.459     17.9438   498.118     24.6515   415.945     26.1137   444.171     22.9615   450.807     18.4806   526.598     18.0933   518.619     11.9659   733.713
26.7373   418.572     18.6399   504.737     25.4056   425.366     26.8666   423.283     23.7126   447.243     19.2093   506.005     18.8222   497.204     12.5793   653.863
27.4977   394.344     19.3755   490.116     26.1572   439.416     27.6193   416.548     24.4689   435.064     19.949    473.829     19.5646   465.772     13.2474   590.991
28.2659   418.617     20.1185   444.92      26.9098   413.144     28.3757   445.772     25.2241   429.763     20.6932   462.332     20.3112   441.286     13.9567   574.235
29.0192   444.538     20.8702   452.915     27.6665   395.327     29.1257   464.532     25.9758   437.009     21.4314   489.636     21.0534   456.424     14.665    599.393
29.777    420.326     21.6147   450.17      28.4236   425.746     29.8706   439.493     26.7344   412.345     22.1742   486.552     21.8026   448.247     15.3642   527.71
30.5381   397.363     22.3627   435.891     29.1758   434.745     30.6285   404.314     27.4888   406.079     22.927    457.592     22.5489   448.437     16.0826   500.87
31.3046   391.99      23.1144   438.424     29.9269   412.041     31.3941   399.894     28.2438   413.542     23.6197   450.998     23.3051   443.008     16.8246   521.121
32.0713   387.061     23.8622   436.475     30.6913   403.207     32.1577   399.251     28.9984   431.883     24.3444   436.022     24.0598   446.664     17.5607   509.377
32.8287   399.628     24.6164   417.529     31.4534   398.21      32.9085   411.594     29.7451   428.157     25.0959   432.69      24.8071   419.426     18.3095   476.857
33.5932   391.638     25.3765   421.575     32.2087   398.472     33.6661   414.023     30.4968   403.666     25.8509   425.77      25.5653   428.076     19.0484   509.229
34.354    389.369     26.1267   436.094     32.9765   402.802     34.4293   397.258     31.2552   391.687     26.6041   416.331     26.3242   413.552     19.7953   443.521
35.1155   392.261     26.8853   407.803     33.7384   392.031     35.1902   395.526     32.0199   391.991     27.3661   405.554     27.0714   403.281     20.5532   448.127
35.8807   395.62      27.644    409.774     34.493    393.874     35.9494   406.189     32.7837   399.959     28.1148   411.988     27.8372   399.246     21.3045   455.379
36.6494   398.424     28.3996   414.599     35.2624   394.616     36.7084   401.965     33.5514   398.238     28.8717   445.471     28.5974   424.194     22.0629   450.397
37.4186   391.309     29.1543   432.096     36.0239   406.98      37.474    390.895     34.3111   394.518     29.6282   435.363     29.3506   429.293     22.76     430.955
38.189    378.674     29.9083   421.503     36.7896   392.123     38.2369   389.243     35.0682   390.523     30.3793   405.681     30.1099   419.288     23.5217   453.445
38.9595   382.226     30.6697   402.343     37.558    384.733     38.9989   390.764     35.8244   402.981     31.135    397.339     30.8671   393.17      24.28     416.704
39.7262   387.434     31.3973   396.316     38.3192   384.796     39.7601   406.305     36.5868   401.386     31.8954   404.456     31.6241   391.099     25.0395   420.499
40.4912   394.037     32.1564   395.154     39.0828   390.894     40.5168   414.397     37.3451   384.569     32.6579   396.11      32.383    391.863     25.7925   420.857
41.2515   389.573     32.9177   398.587     39.8515   391.937     41.2734   411.228     38.1133   384.622     33.4194   401.096     33.1393   390.825     26.5577   411.402
42.0118   390.105     33.6764   394.052     40.6089   400.542     42.0317   394.026     38.8785   386.612     34.1762   392.017     33.8551   404.578     27.3222   399.045
42.7779   385.41      34.4358   392.955     41.3737   417.309     42.7986   384.594     39.6348   393.585     34.9351   410.085     34.6163   391.185     28.0835   399.892
43.5469   379.295     35.1908   397.657     42.1299   395.28      43.5571   394.175     40.3944   393.087     35.6903   403.751     35.3657   407.067     28.8429   433.71
44.3094   381.577     35.95     406.008     42.9002   384.032     44.3212   389.693     41.1553   391.501     36.4522   406.355     36.1181   397.563     29.6045   425.074
45.0816   384.273     36.7149   396.684     43.6633   389.426     45.0778   397.571     41.9217   397.984     37.2129   390.666     36.8762   393.262     30.3649   393.722
45.8492   379.005     37.4708   389.348     44.4255   392.928     45.8296   389.274     42.6847   384.325     37.9761   394.328     37.6366   384.039     31.1369   383.56
46.6198   386.59      38.2332   383.336     45.1876   384.344     46.5885   388.05      43.4467   386.083     38.7369   386.806     38.3973   384.92      31.902    404.702
47.388    385.98      38.9935   388.298     45.9525   387.712     47.353    399.062     44.2147   386.38      39.4974   388.645     39.1516   379.137     32.6606   395.95
48.1572   382.1       39.7574   388.202     46.7031   393.864     48.1226   392.203     44.9693   386.473     40.2562   405.831     39.9121   396.646     33.4278   387.45
48.9213   382.051     40.52     408.924     47.4684   400.845     48.8844   389.473     45.7302   381.243     41.0119   403.097     40.6731   395.691     34.1911   400.688
49.6872   381.97      41.2827   390.836     48.2231   386.977     49.6545   380.314     46.4889   379.998     41.7751   388.931     41.4408   391.582     34.955    397.226
50.4544   380.092     42.0478   384.339     48.989    390.612     50.4205   380.507     47.2434   399.885     42.5323   391.131     42.1968   393.159     35.7232   394.743
51.2175   378.953     42.8117   395.5       49.7526   374.902     51.1794   385.392     48.0039   380.931     43.2928   392.42      42.9593   392.261     36.4889   389.292
51.9828   381.986     43.5725   383.696     50.5148   390.007     51.9352   388.242     48.7546   388.083     44.0589   394.271     43.7221   391.634     37.2502   385.334
52.7457   393.674     44.3318   401.086     51.2787   389.963     52.6962   390.974     49.5228   381.562     44.8196   380.815     44.48     395.317     38.0182   383.055
53.5186   383.542     45.092    385.716     52.0417   390.861     53.4598   405.316     50.2855   386.34      45.5839   387.065     45.242    382.559     38.7749   396.231
54.2771   378.617     45.853    394.15      52.8076   380.905     54.221    389.331     51.0427   384.12      46.3413   381.688     46.0034   380.46      39.5413   385.73
55.043    381.359     46.619    396.347     53.5661   399.002     54.9795   380.2       51.8016   380.805     47.1071   388.729     46.771    384.025     40.302    400.951
55.7887   385.142     47.3772   394.799     54.3325   380.518     55.738    392.637     52.5736   389.88      47.8742   401.86      47.4679   394.161     41.0614   389.177
56.5532   378.34      48.1386   387.792     55.0922   384.843     56.5041   384.087     53.3342   391.027     48.6344   385.574     48.2231   393.318     41.8312   387.286
57.3204   374.321     48.8978   386.916     55.8523   388.83      57.2716   390.697     54.0939   382.78      49.3939   388.16      48.9848   387.361     42.5938   383.466
58.0811   380.456     49.6656   381.596     56.6246   378.567     58.029    390.636     54.8518   389.111     50.1488   380.714     49.7503   382.876     43.3124   391.668
58.8492   381.766     50.4334   385.721     57.385    382.005     58.7888   396.071     55.613    378.822     50.9073   392.201     50.5173   386.23      44.0626   390.156
59.6203   379.146     51.1903   381.365     58.1392   389.058     59.554    388.088     56.3794   379.664     51.6709   382.68      51.2764   384.146     44.8251   381.779
60.3945   379.954     51.9595   384.85      58.9029   383.401     60.3159   380.94      57.1389   383.293     52.4296   391.186     52.0456   381.697     45.5847   380.805
61.167    378.969     52.726    395.788     59.6648   386.853     61.0759   381.556     57.9058   385.593     53.1949   392.508     52.8114   382.658     46.3511   380.013
61.9362   381.273     53.4902   388.755     60.4298   381.651     61.8412   389.298     58.6734   393.851     53.9569   380.079     53.5718   387.762     47.1197   387.378
62.7036   381.804     54.2515   390.745     61.1933   373.793     62.6079   386.582     59.4381   387.026     54.7128   380.212     54.3305   381.87      47.881    384.181
63.4665   376.035     55.016    389.296     61.9531   387.618     63.369    383.532     60.2038   388.892     55.4734   383.733     55.0966   389.246     48.6456   383.83
64.2328   375.557     55.7797   384.743     62.7246   383.948     64.1328   381.343     60.9609   380.879     56.2377   381.615     55.8528   386.36      49.4181   379.873
65.0024   375.829     56.55     382.648     63.4907   382.401     64.9023   388.459     61.7215   389.305     57.0054   383.119     56.6153   387.405     50.1879   384.737
65.7764   377.109     57.3158   391.214     64.2588   378.413     65.6641   381.544     62.4771   384.554     57.7686   383.795     57.3753   384.814     50.9518   375.582
66.5448   392.435     58.0849   386.706     65.0276   387.565     66.4282   385.764     63.2368   383.705     58.5313   383.245     58.1452   389.207     51.7193   381.084
67.3166   377.217     58.8444   395.424     65.7946   385.936     67.1841   383.165     63.9898   388.996     59.2945   387.724     58.9064   379.97      52.4792   375.792
68.0779   376.857     59.6118   384.511     66.5639   379.696     67.9476   381.429     64.7492   380.022     60.0502   383.851     59.6762   383.433     53.2441   389.328
68.8388   391.241     60.371    382.324     67.3297   379.617     68.7078   381.145     65.5091   386.407     60.815    380.711     60.4391   385.359     54.0097   376.431
69.6018   377.96      61.1327   382.32      68.0971   378.888     69.4713   379.548     66.2627   389.545     61.5773   380.628     61.1962   388.817     54.7736   380.282
70.3689   392.696     61.8906   384.041     68.861    388.235     70.2325   389.792     67.0287   381.929     62.3435   385.142     61.9605   383.308     55.531    382.783
71.134    389.774     62.6541   381.624     69.6248   375.705     70.9994   390.519     67.7979   381.366     63.1111   378.705     62.7205   381.896     56.2888   385.994
71.9024   383.847     63.4149   385.055     70.3892   385.987     71.7614   394.325     68.5667   383.677     63.8717   389.853     63.471    384.507     57.048    377.185
72.669    384.03      64.1786   383.617     71.1591   390.288     72.529    381.389     69.331    377.467     64.6377   383.215     64.2328   386.09      57.8176   378
73.428    384.002     64.9376   382.671     71.9227   381.84      73.294    393.469     70.092    384.55      65.3968   388.9       64.9297   386.295     58.58     381.877
