# SYSTEM: CrFeCoNi
# Method: l2t-MD

# NOTES:
# t: time
# ps: Picoseconds
# T_e: The average electronic temperature over all atoms in each simulation cell
# K: Kelvin
# Each two consecutive columns represents a result from a single simulation repeated with different Primary Knock-on Atom (PKA) directions and different high entropy alloy (HEA) structure

#t(ps)    T_e(K)    t(ps)     T_e(K)    t(ps)     T_e(K)    t(ps)     T_e(K)    t(ps)     T_e(K)    t(ps)     T_e(K)    t(ps)     T_e(K)    t(ps)     T_e(K)    t(ps)     T_e(K)    t(ps)     T_e(K)
0         300       0         300       0         300       0         300       0         300       0         300       0         300       0         300       0         300       0         300
0.002483  300.0189  0.002482  300.0188  0.00293   300.0237  0.00248   300.0189  0.002557  300.0194  0.002488  300.0193  0.002489  300.0192  0.002481  300.0188  0.00248   300.0192  0.002483  300.0191
0.004976  300.0443  0.005005  300.0448  0.006198  300.0627  0.004991  300.044   0.005193  300.047   0.00499   300.0452  0.004988  300.0447  0.004976  300.0443  0.004975  300.0433  0.004974  300.0443
0.007573  300.076   0.007546  300.0755  0.009702  300.1156  0.007534  300.0751  0.007846  300.0815  0.007526  300.0764  0.007553  300.0755  0.007564  300.076   0.007505  300.0736  0.007477  300.0748
0.010208  300.1126  0.010115  300.1121  0.013508  300.1831  0.010088  300.1094  0.010526  300.1203  0.010085  300.1119  0.01013   300.1108  0.010168  300.1116  0.010045  300.1078  0.009985  300.1088
0.012882  300.1544  0.012693  300.1504  0.017401  300.2655  0.012655  300.148   0.01334   300.165   0.01343   300.1636  0.012723  300.1501  0.012856  300.1537  0.012597  300.1466  0.012499  300.1464
0.015661  300.2009  0.015301  300.1946  0.021469  300.3631  0.01527   300.1915  0.016399  300.217   0.017155  300.2323  0.015455  300.1958  0.015639  300.2018  0.015154  300.1878  0.015021  300.1869
0.018595  300.2549  0.017883  300.2403  0.026746  300.4978  0.018302  300.2437  0.01948   300.2792  0.021401  300.3216  0.018323  300.2464  0.018571  300.2559  0.017726  300.2329  0.017551  300.2303
0.021628  300.3151  0.020381  300.2836  0.033488  300.6942  0.021614  300.3089  0.022964  300.3545  0.025702  300.4263  0.021276  300.3075  0.021814  300.3216  0.020299  300.2782  0.020091  300.2746
0.024698  300.3794  0.022929  300.331   0.041439  300.9503  0.025234  300.3883  0.026943  300.4541  0.030027  300.5454  0.024401  300.3778  0.025403  300.4015  0.022885  300.3268  0.022635  300.3212
0.0279    300.4514  0.025523  300.3835  0.050345  301.2453  0.028957  300.479   0.031862  300.5882  0.03442   300.6792  0.027558  300.4552  0.02906   300.4905  0.025474  300.3755  0.025186  300.3696
0.032501  300.5578  0.028153  300.4436  0.059904  301.5554  0.032703  300.5764  0.037786  300.766   0.038828  300.8201  0.030728  300.5393  0.032769  300.5874  0.028076  300.4282  0.027746  300.4211
0.037399  300.684   0.030818  300.5055  0.069935  301.853   0.036467  300.6804  0.044434  300.9819  0.043256  300.9725  0.033909  300.6289  0.036857  300.6995  0.030689  300.4808  0.03031   300.4713
0.043246  300.8409  0.033546  300.5722  0.080435  302.1338  0.040281  300.7912  0.053246  301.2901  0.047713  301.1298  0.037149  300.7238  0.041834  300.8407  0.033326  300.5367  0.032881  300.5243
0.05082   301.0642  0.036306  300.6426  0.091196  302.3918  0.044131  300.9076  0.065933  301.716   0.052185  301.2922  0.040597  300.8277  0.047181  301.0002  0.035974  300.5918  0.035464  300.5793
0.062296  301.4129  0.039165  300.7158  0.102363  302.6316  0.048047  301.0301  0.083891  302.2289  0.056672  301.4601  0.044563  300.9549  0.053027  301.1834  0.038637  300.6502  0.038066  300.6341
0.078782  301.8683  0.04206   300.7942  0.113916  302.8555  0.052     301.1565  0.108176  302.7384  0.061177  301.6275  0.048649  301.091   0.059859  301.4021  0.041334  300.7086  0.040703  300.6915
0.098328  302.2903  0.044977  300.877   0.126053  303.072   0.056027  301.2884  0.16017   303.4023  0.065694  301.7967  0.052864  301.2382  0.066849  301.6264  0.0441    300.7712  0.043399  300.7493
0.126393  302.7035  0.048378  300.9705  0.139009  303.2875  0.060145  301.4243  0.309817  304.4986  0.070227  301.9655  0.057915  301.4149  0.07395   301.844   0.046898  300.8336  0.046119  300.8102
0.17977   303.2     0.051848  301.0701  0.152933  303.5046  0.064305  301.5645  0.52808   305.5369  0.074777  302.1332  0.063626  301.6199  0.081502  302.0654  0.050252  300.9104  0.048864  300.8706
0.308316  304.0476  0.055345  301.1759  0.169141  303.7397  0.068595  301.7102  0.768338  306.4012  0.079343  302.3005  0.07051   301.8722  0.089441  302.2819  0.054196  301.0062  0.051789  300.9369
0.534289  305.1868  0.058995  301.2819  0.195703  304.0823  0.072934  301.8573  1.03158   307.1647  0.083927  302.4676  0.078434  302.1444  0.097577  302.4928  0.058501  301.1174  0.0548    301.0057
0.786259  306.1223  0.06343   301.4153  0.273087  304.8249  0.077566  302.0104  1.3127    307.8626  0.088533  302.6298  0.089283  302.5011  0.10595   302.695   0.06321   301.2466  0.058215  301.0861
1.07162   306.9307  0.068173  301.5624  0.464268  305.8704  0.082524  302.1745  1.60464   308.4975  0.093157  302.79    0.105515  302.963   0.114813  302.9015  0.068306  301.4017  0.061923  301.1784
1.35333   307.5716  0.073416  301.7331  0.703986  306.683   0.087764  302.3475  1.90433   309.0891  0.097799  302.949   0.130141  303.4925  0.124205  303.1044  0.073822  301.5847  0.067087  301.3108
1.65412   308.1623  0.080792  301.9748  0.96111   307.3488  0.093177  302.5232  2.21174   309.6724  0.102462  303.106   0.194941  304.3859  0.134142  303.306   0.079619  301.7906  0.072523  301.457
1.96497   308.7207  0.089844  302.2767  1.23891   307.9479  0.098755  302.7021  2.52598   310.2539  0.107148  303.2612  0.345169  305.7524  0.146492  303.538   0.085657  302.0043  0.078191  301.6246
2.28973   309.2774  0.099895  302.6084  1.53552   308.5309  0.10454   302.8871  2.85393   310.858   0.111859  303.4162  0.590619  307.1981  0.16279   303.8135  0.092488  302.2525  0.084067  301.8032
2.62801   309.8481  0.11216   302.9941  1.83571   309.0946  0.111102  303.0831  3.19971   311.4811  0.11659   303.5719  0.858261  308.2508  0.185359  304.1481  0.101323  302.5791  0.090037  301.9862
2.97359   310.4214  0.126073  303.3924  2.13654   309.6423  0.118297  303.2815  3.55208   312.1047  0.121339  303.7256  1.15039   309.0919  0.220069  304.567   0.112158  302.9683  0.096223  302.1696
3.31889   310.9788  0.145007  303.8694  2.46516   310.2269  0.127593  303.5291  3.91225   312.7319  0.126105  303.8769  1.45224   309.8059  0.308885  305.3887  0.128032  303.494   0.1026    302.353
3.67776   311.5474  0.176438  304.5248  2.80225   310.8065  0.143268  303.9246  4.27408   313.3597  0.130909  304.0309  1.75688   310.4347  0.546352  306.7742  0.150936  304.12    0.109035  302.5295
4.05021   312.1235  0.255337  305.7592  3.14978   311.3971  0.167257  304.4369  4.65432   314.0158  0.135747  304.1862  2.06593   311.0358  0.808049  307.7711  0.191354  304.9535  0.115575  302.7019
4.43427   312.706   0.468204  307.8388  3.51031   311.9922  0.199633  304.953   5.03545   314.6546  0.140624  304.3403  2.40605   311.6727  1.08806   308.5806  0.272605  306.1316  0.122177  302.8714
4.82918   313.2892  0.738704  309.3852  3.88121   312.6005  0.254808  305.6081  5.42399   315.2743  0.145545  304.4947  2.76663   312.3196  1.39788   309.3073  0.456812  307.9809  0.129108  303.0422
5.23272   313.8589  1.01728   310.4373  4.26379   313.2204  0.435539  307.1519  5.83255   315.8976  0.150495  304.6504  3.12413   312.9433  1.7027    309.9495  0.731382  309.6517  0.136736  303.2231
5.65111   314.4192  1.2986    311.2378  4.65216   313.8363  0.703819  308.6786  6.24021   316.4987  0.155482  304.8054  3.49291   313.5745  2.02189   310.579   1.03144   310.8431  0.145119  303.4124
6.06061   314.9395  1.60141   311.9645  5.05421   314.4552  1.00879   309.8853  6.66884   317.1333  0.160515  304.9597  3.87336   314.2114  2.35346   311.1962  1.34473   311.762   0.155666  303.6395
6.47951   315.4684  1.91515   312.6311  5.47073   315.0664  1.31022   310.7963  7.09258   317.7331  0.165583  305.1144  4.26378   314.8512  2.69856   311.8184  1.66673   312.5301  0.169748  303.9154
6.90258   315.9957  2.24727   313.2882  5.88007   315.64    1.61785   311.5697  7.52862   318.2961  0.170691  305.2696  4.66099   315.4931  3.04176   312.4227  2.01525   313.2689  0.188567  304.2461
7.34725   316.5046  2.58454   313.9191  6.3204    316.2355  1.95007   312.3076  7.97009   318.8615  0.175849  305.4254  5.07133   316.1336  3.3995    313.03    2.37534   313.9712  0.223282  304.74
7.8224    317.0299  2.92804   314.5324  6.74404   316.8124  2.30326   313.0228  8.43611   319.4299  0.181197  305.5859  5.49416   316.7544  3.74503   313.609   2.74481   314.6482  0.331641  305.8333
8.29504   317.5412  3.28842   315.1516  7.20111   317.3951  2.66968   313.7196  8.91846   319.9661  0.187204  305.765   5.91835   317.3438  4.11722   314.226   3.11826   315.3041  0.5668    307.658
8.8043    318.0371  3.66568   315.7759  7.70583   317.9977  3.0373    314.3792  9.42328   320.5058  0.19427   305.9766  6.35185   317.9299  4.5051    314.8523  3.51031   315.958   0.822934  309.2056
9.34657   318.5366  4.05067   316.3948  8.23941   318.62    3.40821   315.0172  9.94163   321.0516  0.20161   306.1955  6.82514   318.5671  4.8984    315.4795  3.90875   316.5915  1.10652   310.4846
9.91464   319.0421  4.43951   316.9968  8.78856   319.1981  3.79906   315.6589  10.4955   321.6305  0.209883  306.4434  7.33364   319.2016  5.29755   316.0801  4.31795   317.2242  1.38768   311.4746
10.4893   319.5514  4.85209   317.6153  9.3372    319.7451  4.21425   316.3267  11.0466   322.1675  0.219238  306.7196  7.87339   319.8409  5.70051   316.6598  4.74372   317.8576  1.68351   312.3092
11.0882   320.0466  5.27239   318.2147  9.92484   320.3149  4.6462    316.9867  11.6088   322.6808  0.232669  307.093   8.42119   320.4574  6.1262    317.2473  5.17231   318.4636  1.99033   313.0117
11.6944   320.516   5.69563   318.7808  10.5235   320.8914  5.08788   317.6262  12.1935   323.184   0.249229  307.4946  9.00796   321.0567  6.56714   317.8533  5.61707   319.0561  2.31535   313.6496
12.311    320.9668  6.13485   319.3391  11.1291   321.4299  5.55886   318.2773  12.7995   323.6796  0.274215  307.9867  9.61221   321.6457  6.99468   318.4316  6.05791   319.6025  2.65583   314.2448
12.9488   321.4051  6.57734   319.8991  11.753    321.9498  6.04002   318.9027  13.4464   324.1687  0.336301  308.8767  10.2313   322.2434  7.42995   318.9684  6.55102   320.202   3.01983   314.8255
13.5965   321.8262  7.01261   320.4317  12.3915   322.4548  6.55301   319.547   14.0494   324.6254  0.519784  310.6332  10.8656   322.8227  7.90745   319.5445  7.04302   320.7825  3.38913   315.3662
14.26     322.2438  7.49339   320.9695  13.0595   322.9403  7.08173   320.1922  14.6874   325.0392  0.80296   312.3609  11.5078   323.3698  8.39729   320.1098  7.57316   321.3557  3.76792   315.8864
14.9307   322.5989  8.02271   321.5464  13.7423   323.4206  7.65838   320.8357  15.3492   325.4498  1.10134   313.5077  12.1671   323.8938  8.89818   320.6388  8.13276   321.9453  4.16355   316.4097
15.6228   322.9736  8.57848   322.1059  14.4244   323.8676  8.25327   321.4764  16.0276   325.8684  1.42758   314.3825  12.8301   324.39    9.43263   321.1797  8.71717   322.5051  4.5678    316.9221
16.328    323.3335  9.15851   322.646   15.1049   324.2541  8.87846   322.0866  16.7153   326.2623  1.75957   315.0993  13.5209   324.8716  9.98517   321.7302  9.30609   323.0258  4.98639   317.4387
17.0409   323.6686  9.75809   323.1829  15.8176   324.6697  9.45451   322.6208  17.4031   326.6332  2.10249   315.7415  14.2142   325.3429  10.5627   322.2921  9.90203   323.5347  5.41381   317.9278
17.7589   323.9926  10.3676   323.7265  16.5311   325.0577  10.1068   323.2068  18.0694   326.9609  2.45517   316.351   14.898    325.7374  11.1605   322.8374  10.5338   324.0657  5.83606   318.3824
18.4845   324.2861  10.9935   324.2419  17.2442   325.4155  10.7793   323.7798  18.7864   327.2999  2.81843   316.94    15.601    326.1458  11.7595   323.3492  11.1728   324.5655  6.27701   318.8363
19.2161   324.5774  11.647    324.7487  17.9617   325.7528  11.4529   324.3184  19.4962   327.6285  3.20807   317.541   16.3308   326.5462  12.3691   323.8441  11.8137   325.0326  6.73333   319.3051
19.9559   324.8596  12.2946   325.2201  18.6978   326.0756  12.081    324.7812  20.1929   327.9183  3.59745   318.1114  17.0615   326.9161  13.0113   324.3205  12.4597   325.477   7.20743   319.7648
20.7073   325.0857  12.9637   325.6734  19.4214   326.3855  12.7759   325.2745  20.9329   328.1752  4.00929   318.6916  17.7883   327.2672  13.6856   324.8043  13.149    325.9168  7.72494   320.2268
21.458    325.3236  13.6598   326.1199  20.1615   326.6747  13.4934   325.7434  21.6464   328.4397  4.41927   319.247   18.5135   327.5836  14.3321   325.2487  13.8366   326.3425  8.26767   320.704
22.2057   325.5423  14.3679   326.5509  20.9085   326.9188  14.2169   326.1967  22.3818   328.6917  4.84499   319.8074  19.2413   327.895   14.9544   325.6125  14.5275   326.734   8.8356    321.1506
22.9544   325.7647  15.0606   326.9137  21.6522   327.1741  14.9284   326.5837  23.1184   328.9445  5.27532   320.3487  19.9798   328.1965  15.6517   326.0337  15.2232   327.082   9.43254   321.5933
23.7022   325.9525  15.7772   327.296   22.3998   327.4115  15.6506   326.9741  23.8625   329.1524  5.72654   320.8816  20.724    328.4419  16.3546   326.4306  15.9394   327.4435  10.0482   322.0328
24.4635   326.1215  16.4953   327.6555  23.1468   327.6449  16.3926   327.3535  24.6143   329.3542  6.19273   321.4022  21.4733   328.697   17.0582   326.7984  16.6543   327.7824  10.6685   322.4648
25.2153   326.3116  17.2192   327.9877  23.9001   327.8396  17.1212   327.6967  25.3683   329.5742  6.68771   321.9457  22.2141   328.9309  17.7679   327.1543  17.3766   328.1012  11.3146   322.8831
25.9711   326.471   17.9438   328.3023  24.6515   328.0294  17.855    328.0231  26.1137   329.7527  7.17276   322.4517  22.9615   329.1706  18.4806   327.4766  18.0933   328.3893  11.9659   323.2741
26.7373   326.6069  18.6399   328.5813  25.4056   328.2283  18.5549   328.3089  26.8666   329.9084  7.73313   322.9902  23.7126   329.3758  19.2093   327.7988  18.8222   328.6704  12.5793   323.628
27.4977   326.7441  19.3755   328.8705  26.1572   328.3939  19.2999   328.607   27.6193   330.0613  8.2928    323.5162  24.4689   329.5602  19.949    328.114   19.5646   328.9486  13.2474   323.9776
28.2659   326.88    20.1185   329.141   26.9098   328.5397  20.0473   328.886   28.3757   330.2249  8.89266   324.0192  25.2241   329.7637  20.6932   328.3658  20.3112   329.1958  13.9567   324.3445
29.0192   327.0113  20.8702   329.3683  27.6665   328.6822  20.8023   329.121   29.1257   330.3727  9.50563   324.5082  25.9758   329.9353  21.4314   328.6269  21.0534   329.4109  14.665    324.6712
29.777    327.1107  21.6147   329.6026  28.4236   328.8353  21.5506   329.3579  29.8706   330.4859  10.1323   324.9932  26.7344   330.0838  22.1742   328.8699  21.8026   329.6348  15.3642   324.9698
30.5381   327.2214  22.3627   329.8201  29.1758   328.9663  22.3101   329.5858  30.6285   330.6185  10.7757   325.469   27.4888   330.2302  22.927    329.121   22.5489   329.8462  16.0826   325.2687
31.3046   327.3292  23.1144   330.0366  29.9269   329.0746  23.054    329.8018  31.3941   330.7413  11.4163   325.916   28.2438   330.3762  23.6197   329.3175  23.3051   330.0485  16.8246   325.558
32.0713   327.4227  23.8622   330.2182  30.6913   329.1981  23.7969   329.988   32.1577   330.8519  12.0763   326.3396  28.9984   330.5182  24.3444   329.498   24.0598   330.2154  17.5607   325.8293
32.8287   327.5003  24.6164   330.3911  31.4534   329.3085  24.5443   330.1641  32.9085   330.9386  12.7505   326.7548  29.7451   330.6273  25.0959   329.7091  24.8071   330.3871  18.3095   326.0754
33.5932   327.576   25.3765   330.5764  32.2087   329.4107  25.2955   330.3493  33.6661   331.0278  13.4643   327.1581  30.4968   330.7453  25.8509   329.8922  25.5653   330.5574  19.0484   326.3121
34.354    327.668   26.1267   330.7301  32.9765   329.4912  26.0456   330.5092  34.4293   331.1392  14.1803   327.553   31.2552   330.8613  26.6041   330.0445  26.3242   330.7014  19.7953   326.5446
35.1155   327.7319  26.8853   330.8677  33.7384   329.5771  26.7996   330.6441  35.1902   331.2096  14.8833   327.8844  32.0199   330.963   27.3661   330.2019  27.0714   330.8313  20.5532   326.7379
35.8807   327.7949  27.644    330.9988  34.493    329.6767  27.5594   330.7854  35.9494   331.2838  15.5927   328.2185  32.7837   331.0517  28.1148   330.3457  27.8372   330.9558  21.3045   326.9274
36.6494   327.8582  28.3996   331.1392  35.2624   329.7413  28.3194   330.9241  36.7084   331.3581  16.272    328.5191  33.5514   331.1341  28.8717   330.5001  28.5974   331.0934  22.0629   327.1092
37.4186   327.9217  29.1543   331.262   36.0239   329.8106  29.0644   331.0498  37.474    331.4332  16.9599   328.8051  34.3111   331.2324  29.6282   330.6154  29.3506   331.2035  22.76     327.2767
38.189    327.9821  29.9083   331.3639  36.7896   329.8811  29.8149   331.1533  38.2369   331.5014  17.687    329.0948  35.0682   331.304   30.3793   330.7356  30.1099   331.3019  23.5217   327.4395
38.9595   328.012   30.6697   331.4764  37.558    329.9502  30.5663   331.2654  38.9989   331.5357  18.388    329.3434  35.8244   331.3739  31.135    330.859   30.8671   331.4106  24.28     327.5767
39.7262   328.0684  31.3973   331.5762  38.3192   330.0082  31.3324   331.3726  39.7601   331.6035  19.1291   329.6012  36.5868   331.4406  31.8954   330.962   31.6241   331.5039  25.0395   327.7283
40.4912   328.1201  32.1564   331.6709  39.0828   330.0441  32.0939   331.4701  40.5168   331.664   19.8686   329.8505  37.3451   331.51    32.6579   331.0571  32.383    331.5937  25.7925   327.8614
41.2515   328.1563  32.9177   331.7475  39.8515   330.1079  32.8614   331.5465  41.2734   331.7053  20.6194   330.0578  38.1133   331.5764  33.4194   331.1406  33.1393   331.6629  26.5577   327.9764
42.0118   328.1914  33.6764   331.8248  40.6089   330.1606  33.6256   331.6313  42.0317   331.7454  21.37     330.2656  38.8785   331.6137  34.1762   331.2383  33.8551   331.7352  27.3222   328.0923
42.7779   328.2284  34.4358   331.9182  41.3737   330.1999  34.3841   331.7177  42.7986   331.7914  22.1171   330.4605  39.6348   331.6702  34.9351   331.3207  34.6163   331.8223  28.0835   328.1942
43.5469   328.2721  35.1908   331.9789  42.1299   330.2352  35.1426   331.787   43.5571   331.8433  22.8192   330.6448  40.3944   331.7285  35.6903   331.3899  35.3657   331.8782  28.8429   328.3072
44.3094   328.2964  35.95     332.0441  42.9002   330.2831  35.9038   331.8491  44.3212   331.8687  23.5733   330.8182  41.1553   331.7695  36.4522   331.46    36.1181   331.9394  29.6045   328.3923
45.0816   328.3188  36.7149   332.108   43.6633   330.3262  36.6684   331.916   45.0778   331.8958  24.3208   330.9672  41.9217   331.8102  37.2129   331.5318  36.8762   332.0011  30.3649   328.4797
45.8492   328.354   37.4708   332.1714  44.4255   330.3469  37.4265   331.9779  45.8296   331.9371  25.0838   331.1346  42.6847   331.8461  37.9761   331.6033  37.6366   332.062   31.1369   328.5696
46.6198   328.3829  38.2332   332.2296  45.1876   330.3783  38.188    332.0385  46.5885   331.9715  25.8413   331.2803  43.4467   331.8953  38.7369   331.6436  38.3973   332.1125  31.902    328.6436
47.388    328.4054  38.9935   332.2625  45.9525   330.4131  38.9521   332.073   47.353    331.9979  26.5989   331.4031  44.2147   331.9254  39.4974   331.6969  39.1516   332.1456  32.6606   328.7141
48.1572   328.4168  39.7574   332.3193  46.7031   330.4455  39.7167   332.1303  48.1226   332.0109  27.3643   331.5293  44.9693   331.9484  40.2562   331.7594  39.9121   332.2011  33.4278   328.7744
48.9213   328.4526  40.52     332.3707  47.4684   330.4659  40.4711   332.1813  48.8844   332.0536  28.1251   331.6449  45.7302   331.9849  41.0119   331.8034  40.6731   332.2475  34.1911   328.8433
49.6872   328.4706  41.2827   332.4084  48.2231   330.4821  41.2247   332.2196  49.6545   332.0764  28.8764   331.7644  46.4889   332.0171  41.7751   331.8464  41.4408   332.2837  34.955    328.9043
50.4544   328.4805  42.0478   332.4434  48.989    330.5217  41.9833   332.2552  50.4205   332.087   29.6259   331.8569  47.2434   332.0455  42.5323   331.8789  42.1968   332.314   35.7232   328.9558
51.2175   328.4973  42.8117   332.4826  49.7526   330.5389  42.7469   332.2947  51.1794   332.1076  30.3786   331.952   48.0039   332.0572  43.2928   331.9325  42.9593   332.3563  36.4889   329.0054
51.9828   328.5145  43.5725   332.5244  50.5148   330.5493  43.5079   332.336   51.9352   332.1285  31.1386   332.0492  48.7546   332.089   44.0589   331.9695  43.7221   332.3953  37.2502   329.0559
52.7457   328.5402  44.3318   332.5486  51.2787   330.5699  44.2731   332.3633  52.6962   332.1597  31.8968   332.1313  49.5228   332.1154  44.8196   331.9875  44.48     332.4134  38.0182   329.1083
53.5186   328.539   45.092    332.5733  52.0417   330.5894  45.0409   332.3872  53.4598   332.1578  32.6631   332.2079  50.2855   332.1303  45.5839   332.0284  45.242    332.4416  38.7749   329.1374
54.2771   328.5545  45.853    332.6066  52.8076   330.6147  45.8016   332.4217  54.221    332.1745  33.4202   332.2752  51.0427   332.1441  46.3413   332.0599  46.0034   332.4722  39.5413   329.1766
55.043    328.5746  46.619    332.6365  53.5661   330.6137  46.5626   332.4528  54.9795   332.2     34.1819   332.3505  51.8016   332.1635  47.1071   332.0921  46.771    332.5024  40.302    329.2201
55.7887   328.585   47.3772   332.6598  54.3325   330.6341  47.3285   332.4733  55.738    332.2118  34.9342   332.4171  52.5736   332.1919  47.8742   332.1041  47.4679   332.5182  41.0614   329.252
56.5532   328.5906  48.1386   332.6719  55.0922   330.653   48.0948   332.4907  56.5041   332.2182  35.6972   332.4738  53.3342   332.1971  48.6344   332.1342  48.2231   332.5329  41.8312   329.2839
57.3204   328.5964  48.8978   332.7065  55.8523   330.6645  48.853    332.5208  57.2716   332.2242  36.4551   332.5279  54.0939   332.2063  49.3939   332.1663  48.9848   332.5666  42.5938   329.3061
58.0811   328.6142  49.6656   332.7248  56.6246   330.6685  49.6128   332.5426  58.029    332.2459  37.2199   332.5849  54.8518   332.2309  50.1488   332.1805  49.7503   332.5841  43.3124   329.3433
58.8492   328.6264  50.4334   332.7375  57.385    330.6785  50.3797   332.5544  58.7888   332.2611  37.9814   332.6407  55.613    332.2421  50.9073   332.1933  50.5173   332.5941  44.0626   329.3702
59.6203   328.6218  51.1903   332.7537  58.1392   330.6978  51.1429   332.5713  59.554    332.2546  38.7314   332.6753  56.3794   332.2524  51.6709   332.2158  51.2764   332.6116  44.8251   329.3832
60.3945   328.6353  51.9595   332.7714  58.9029   330.7066  51.9127   332.5901  60.3159   332.2703  39.4929   332.7166  57.1389   332.2548  52.4296   332.2428  52.0456   332.6294  45.5847   329.4123
61.167    328.6446  52.726    332.7965  59.6648   330.7056  52.6739   332.6142  61.0759   332.2812  40.2566   332.766   57.9058   332.2735  53.1949   332.2527  52.8114   332.6529  46.3511   329.4348
61.9362   328.6569  53.4902   332.7981  60.4298   330.7184  53.4394   332.617   61.8412   332.2973  40.9509   332.7994  58.6734   332.2903  53.9569   332.2572  53.5718   332.6527  47.1197   329.459
62.7036   328.6468  54.2515   332.8124  61.1933   330.7298  54.2001   332.6311  62.6079   332.2853  41.7109   332.834   59.4381   332.2858  54.7128   332.2851  54.3305   332.6691  47.881    329.4682
63.4665   328.6601  55.016    332.8321  61.9531   330.741   54.9558   332.6504  63.369    332.2983  42.4674   332.8596  60.2038   332.297   55.4734   332.2973  55.0966   332.6873  48.6456   329.488
64.2328   328.6731  55.7797   332.8428  62.7246   330.7307  55.723    332.6624  64.1328   332.3163  43.2314   332.9026  60.9609   332.3071  56.2377   332.3079  55.8528   332.698   49.4181   329.5127
65.0024   328.6718  56.55     332.8489  63.4907   330.7467  56.4847   332.6678  64.9023   332.3159  43.9943   332.934   61.7215   332.3221  57.0054   332.3101  56.6153   332.7017  50.1879   329.5237
65.7764   328.6733  57.3158   332.8551  64.2588   330.7596  57.2517   332.6758  65.6641   332.3151  44.755    332.9491  62.4771   332.3165  57.7686   332.3277  57.3753   332.7096  50.9518   329.533
66.5448   328.6771  58.0849   332.8733  65.0276   330.757   58.017    332.6912  66.4282   332.3197  45.5214   332.9802  63.2368   332.3227  58.5313   332.3488  58.1452   332.7271  51.7193   329.5485
67.3166   328.6938  58.8444   332.884   65.7946   330.7597  58.7806   332.7044  67.1841   332.3389  46.2759   333.0062  63.9898   332.3386  59.2945   332.3421  58.9064   332.7357  52.4792   329.568
68.0779   328.6875  59.6118   332.8823  66.5639   330.7644  59.54     332.7016  67.9476   332.3352  47.0433   333.032   64.7492   332.3423  60.0502   332.3538  59.6762   332.7347  53.2441   329.5757
68.8388   328.6843  60.371    332.8937  67.3297   330.7816  60.3022   332.7124  68.7078   332.327   47.8051   333.0443  65.5091   332.3403  60.815    332.3643  60.4391   332.7459  54.0097   329.5792
69.6018   328.6966  61.1327   332.9035  68.0971   330.7736  61.0675   332.7241  69.4713   332.3437  48.5587   333.0643  66.2627   332.3442  61.5773   332.3794  61.1962   332.7562  54.7736   329.5988
70.3689   328.7022  61.8906   332.9155  68.861    330.7727  61.8328   332.7336  70.2325   332.3499  49.3203   333.0927  67.0287   332.3575  62.3435   332.3764  61.9605   332.7662  55.531    329.6064
71.134    328.6997  62.6541   332.9067  69.6248   330.7846  62.593    332.7284  70.9994   332.3492  50.0886   333.1059  67.7979   332.3618  63.1111   332.3785  62.7205   332.7584  56.2888   329.6154
71.9024   328.6975  63.4149   332.9184  70.3892   330.7914  63.3563   332.7384  71.7614   332.3452  50.8485   333.1147  68.5667   332.3535  63.8717   332.3969  63.471    332.7705  57.048    329.6161
72.669    328.7052  64.1786   332.931   71.1591   330.7878  64.1173   332.7507  72.529    332.3523  51.6097   333.1336  69.331    332.3657  64.6377   332.403   64.2328   332.7823  57.8176   329.6287
73.428    328.7151  64.9376   332.9316  71.9227   330.7866  64.8776   332.7527  73.294    332.3678  52.3704   333.1532  70.092    332.3702  65.3968   332.398   64.9297   332.7823  58.58     329.6429
