# SYSTEM: CrFeCoNi
# Method: Classical MD

# NOTES:
# t: time
# ps: Picoseconds
# N_FP: Number of frenkel pairs
# Each two consecutive columns represents a result from a single simulation repeated with different Primary Knock-on Atom (PKA) directions and different high entropy alloy (HEA) structure

#t(ps)             N_FP   t(ps)              N_FP   t(ps)              N_FP   t(ps)              N_FP   t(ps)              N_FP  t(ps)              N_FP  t(ps)              N_FP   t(ps)              N_FP   t(ps)              N_FP  t(ps)              N_FP
0                  0      0                  0      0                  0      0                  0      0                  0     0                  0     0                  0      0                  0      0                  0     0                  0
0.002479000000001  1      0.002478           1      0.002479999999998  1      0.002481           1      0.002485           1     0.002479999999998  1     0.002483000000002  1      0.002481           1      0.002476999999999  1     0.002479000000001  1
0.004975999999999  1      0.005082000000002  2      0.005302           2      0.005020999999999  1      0.004996999999999  1     0.005075000000002  2     0.004998000000001  1      0.005209000000001  2      0.005085000000001  2     0.005011           1
0.007489           2      0.007911           2      0.008789           4      0.007641           3      0.007567000000002  4     0.007864999999999  3     0.007553000000001  4      0.008395           4      0.007961000000002  3     0.007659           2
0.010023           3      0.011126000000001  3      0.012353999999999  6      0.010435000000001  6      0.010252999999999  6     0.010940000000002  5     0.010162000000001  6      0.012329000000001  7      0.010869           5     0.010345999999999  3
0.012578999999999  4      0.015084999999999  7      0.016158000000001  9      0.013843000000001  10     0.013076000000002  7     0.014122000000001  8     0.012812           7      0.017023999999999  12     0.013848           6     0.013055000000001  6
0.015156000000001  6      0.019200000000002  13     0.020506000000001  18     0.017788           13     0.015951999999999  10    0.017313000000002  11    0.015473           8      0.022275000000001  22     0.016848           12    0.01578            9
0.017765000000001  10     0.023720000000001  19     0.025386999999999  28     0.022145999999999  28     0.018836           16    0.020530000000001  13    0.018141           11     0.028116000000001  40     0.019866           15    0.018526000000001  13
0.020378000000001  14     0.028495           39     0.030652           48     0.026814000000002  40     0.021735           20    0.023778           22    0.020810999999998  17     0.035072           72     0.022908999999999  22    0.021280000000001  15
0.023002000000002  16     0.03361            57     0.03651            74     0.031842000000001  63     0.024646000000001  22    0.027080000000002  27    0.023498           20     0.043267           145    0.025993           34    0.024042999999999  21
0.025639000000002  20     0.040552000000002  102    0.042978000000002  126    0.036926999999999  97     0.027570000000001  30    0.030646999999998  38    0.026416999999999  27     0.052978           240    0.029140999999999  40    0.026817999999999  25
0.028279999999999  24     0.048006999999998  165    0.050795999999998  199    0.042079000000001  134    0.030508999999999  43    0.034331000000002  50    0.029579999999999  34     0.063265999999999  404    0.032748000000002  60    0.029612           30
0.030946           29     0.056737999999999  261    0.059063999999999  300    0.048622000000002  203    0.033804           55    0.038238           75    0.032921999999999  43     0.074788999999999  624    0.036674000000002  75    0.032429000000001  39
0.033715000000001  37     0.067021000000001  431    0.073232000000001  571    0.058841999999999  343    0.037103999999999  73    0.042411000000001  93    0.036763000000001  51     0.088058           966    0.040699           98    0.035388999999999  49
0.036759           42     0.078848000000001  666    0.093619           1028   0.072237999999999  576    0.040430000000001  88    0.046648999999999  127   0.040697000000002  65     0.104644           1374   0.045003000000001  123   0.038377000000001  57
0.039846000000001  53     0.092573000000002  1017   0.116530999999998  1612   0.094321999999998  1103   0.043773000000002  106   0.051179999999999  170   0.045254           88     0.131222999999999  1997   0.050429999999999  173   0.041409999999999  62
0.042940000000002  64     0.109719999999999  1423   0.150790000000001  2221   0.135615999999999  2043   0.047143999999999  131   0.056228999999998  210   0.050429000000001  130    0.186114           2517   0.056767000000001  248   0.044632           83
0.046140000000001  73     0.131167999999999  1939   0.235690999999999  2562   0.231377999999999  2492   0.050640000000001  154   0.062498999999999  276   0.056574999999999  177    0.357367           3028   0.063918999999999  335   0.047948000000002  104
0.049707000000002  88     0.164366999999999  2375   0.422377000000001  3850   0.381824999999999  3527   0.054202           179   0.069607999999999  384   0.064446           258    0.599501           5560   0.071843000000001  458   0.051435999999999  133
0.053384000000001  105    0.255334000000001  2668   0.649163999999999  6928   0.595369000000002  6396   0.057945           216   0.077750000000002  516   0.076822           433    0.863571           9904   0.081047000000002  641   0.055458999999999  162
0.057206999999998  130    0.474895           4157   0.905266999999999  12129  0.838079           10627  0.062128000000001  251   0.088425000000001  729   0.090987999999999  687    1.138434           12690  0.093495999999998  904   0.059830999999999  200
0.061674           167    0.718371999999999  7296   1.166912           14333  1.098201           14255  0.068099           323   0.100480000000001  987   0.109451           1103   1.42697            14892  0.112268           1362  0.064135           239
0.066807000000001  210    0.978664999999999  11768  1.433688           16055  1.374385           16693  0.075498           423   0.114350999999999  1303  0.140114000000001  1837   1.724783           12812  0.145025           2039  0.069946999999999  297
0.073374999999999  275    1.24689            14907  1.715982           15299  1.652301           16173  0.085721           592   0.131339000000001  1722  0.194375999999998  2411   2.02723            7009   0.224139000000001  2496  0.077614000000001  382
0.080959           371    1.532783           16461  2.00386            10350  1.940609           11406  0.099931000000002  863   0.168416000000001  2268  0.293291           2771   2.329677           3694   0.395244000000002  3423  0.085775000000002  519
0.091723000000002  535    1.82934            12527  2.308792           7153   2.232016           7006   0.123636000000001  1369  0.254988000000001  2457  0.476970999999999  4215   2.652791           2735   0.619225           6467  0.094415000000002  676
0.108287000000001  850    2.142589           6290   2.614572           6121   2.523146           5621   0.161116           2136  0.470268999999998  3382  0.710536000000001  7890   2.98178            2271   0.877330000000001  9053  0.103282           855
0.132925           1429   2.447303           3987   2.934121           5344   2.822416           5019   0.235683000000002  2512  0.726286000000002  5254  0.953900999999998  11030  3.309928           1876   1.142265           9550  0.112767000000002  1063
0.171697000000002  2183   2.772987           2922   3.256491           4284   3.122023           4627   0.418448999999999  3570  0.995193           6649  1.206321           12515  3.657036           1484   1.42308            9325  0.122613000000001  1298
0.251408000000001  2494   3.108397           2175   3.589324           3099   3.434046           4138   0.630354000000001  6032  1.289067           6734  1.461576           12319  3.997029           1238   1.69942            8526  0.132874000000001  1507
0.426546999999999  3397   3.452199           1756   3.932322           1992   3.75878            3282   0.878796000000001  8117  1.604972           5507  1.731553           11956  4.347469           1050   1.989396           6356  0.145043999999999  1757
0.659089999999999  6187   3.795832           1373   4.28956            1438   4.082688           2383   1.144195           9441  1.927325           3695  2.014982           9019   4.697633           797    2.280219           4654  0.159544           2004
0.915222           9517   4.155937           1112   4.647537           1119   4.417757           1785   1.411704           9506  2.26243            2286  2.306126           5875   5.064164           680    2.582916           3202  0.180174999999998  2220
1.180984           11684  4.516638           899    5.004869           895    4.760358           1458   1.681103           7505  2.613139           1530  2.612563           4126   5.43109            581    2.901142           2288  0.220208           2431
1.467417           12470  4.881131           676    5.376782           749    5.101524           1281   1.954025           4969  2.969167           1120  2.920016           2831   5.805541           491    3.223985           1736  0.342673999999999  2758
1.758612           10364  5.245213           538    5.761465           704    5.448457           1222   2.232466           3390  3.340035           868   3.234696           2071   6.184907           409    3.548179           1356  0.577370999999999  4143
2.048377           6409   5.61125            402    6.143154           538    5.795644           1109   2.518798           2681  3.711778           684   3.562275           1666   6.563397           330    3.897659           1163  0.840382999999999  6313
2.359097           4175   5.994527           317    6.529531           434    6.164085           945    2.815853           2154  4.092784           508   3.901825           1326   6.950824           267    4.233533           931   1.104606           8432
2.666487           3455   6.374281           229    6.910825           364    6.535387           771    3.124617           1854  4.479695           394   4.251189           1075   7.345901           213    4.598088           803   1.395069           8374
2.989599           2744   6.758787           169    7.316187           281    6.908846           690    3.436794           1591  4.868417           301   4.604749           965    7.74791            186    4.957488           678   1.696423           5022
3.30888            2089   7.132468           118    7.730524           219    7.289366           660    3.745134           1336  5.264914           229   4.974695           777    8.14385            164    5.33405            503   2.013059           2850
3.633389           1617   7.528532           111    8.148648           197    7.679674           615    4.079925           1104  5.6761             174   5.344079           652    8.563376           152    5.698705           415   2.337748           2038
3.97308            1291   7.922375           102    8.571231           180    8.069161           532    4.4106             1004  6.101129           146   5.71582            574    8.992989           137    6.103849           364   2.666614           1630
4.319526           1162   8.340227           106    9.011633           167    8.466869           478    4.746593           782   6.527589           138   6.097343           458    9.439155           130    6.506567           281   2.996383           1346
4.678192           975    8.771122           99     9.459879           158    8.886008           457    5.097773           705   6.960389           136   6.488458           382    9.896865           132    6.905086           234   3.345123           1124
5.042562           818    9.222875           95     9.921438           153    9.299595           404    5.455895           595   7.405215           133   6.877865           273    10.358311          129    7.325195           199   3.695692           866
5.414062           715    9.682212           98     10.392111          151    9.724782           334    5.815315           522   7.886531           133   7.267916           230    10.832452          127    7.743915           158   4.058528           729
5.7997             627    10.157897          93     10.871891          152    10.150104          305    6.190317           507   8.381588           132   7.672782           170    11.327154          127    8.176507           126   4.415              608
6.190795           511    10.631729          93     11.354505          146    10.571853          266    6.564962           387   8.894349           134   8.083326           140    11.818937          127    8.620591           112   4.790394           476
6.589325           407    11.110533          93     11.847677          151    11.017104          257    6.94298            332   9.414408           132   8.505134           134    12.33857           128    9.042459           105   5.173677           406
6.987819           336    11.597589          93     12.351021          149    11.45406           243    7.337116           289   9.926356           132   8.955838           128    12.870231          127    9.514325           107   5.547931           339
7.403615           312    12.083228          93     12.878572          155    11.896215          239    7.731113           259   10.464993          130   9.416512           123    13.425182          128    9.998796           103   5.926252           270
7.833573           271    12.594697          93     13.426666          148    12.369714          237    8.148448           211   11.007403          129   9.904679           124    13.983841          127    10.494511          103   6.316733           218
8.261516           221    13.135144          93     13.985688          149    12.868512          251    8.57268            184   11.551656          128   10.386195          123    14.535262          128    11.00171           102   6.709457           182
8.702234           181    13.694423          92     14.534828          148    13.390118          254    9.016634           154   12.107767          129   10.877482          117    15.100579          127    11.525101          101   7.115951           141
9.136615           154    14.239046          92     15.08824           145    13.92985           244    9.46864            131   12.663543          126   11.375481          115    15.683819          127    12.067845          101   7.532784           122
9.591018           133    14.770902          91     15.677315          152    14.458968          242    9.924736           130   13.258707          130   11.88811           118    16.275367          127    12.621772          101   7.963454           99
10.044839          116    15.323484          91     16.281691          152    14.98271           238    10.399093          119   13.873387          127   12.40759           117    16.87559           127    13.190598          101   8.392032           86
10.511267          111    15.910025          92     16.861544          149    15.545069          235    10.896137          118   14.479885          126   12.966557          118    17.470213          128    13.772582          101   8.829694           84
10.988471          106    16.507291          91     17.455976          147    16.126133          256    11.401279          117   15.09248           127   13.5487            117    18.076233          127    14.355682          101   9.312329           84
11.47899           105    16.507291          91     18.052298          147    16.712724          231    11.916091          118   15.71271           127   14.131075          120    18.686565          127    14.930283          101   9.800398           84
11.974181          107    16.507291          91     18.651708          150    17.286293          232    12.461289          120   16.327958          126   14.689292          117    19.308357          128    15.526391          100   10.309719          85
12.48252           106    16.507291          91     19.26879           149    17.876571          232    13.028218          126   16.973977          125   15.265409          117    19.945762          127    16.153501          100   10.820584          84
13.028198          107    16.507291          91     19.915369          146    18.478655          237    13.615265          123   17.6124            126   15.873402          120    20.596662          127    16.783481          100   11.347001          84
13.604712          106    16.507291          91     20.566136          145    19.085492          237    14.197262          123   18.24558           126   16.479975          117    21.257169          128    17.401696          100   11.849561          83
14.18648           105    16.507291          91     21.226349          145    19.704243          236    14.790644          122   18.888833          124   17.088508          117    21.920257          128    18.030553          100   12.400129          83
14.754637          105    16.507291          91     21.874073          146    20.353435          239    15.393964          122   19.53978           124   17.692638          118    22.565746          127    18.665524          101   12.97505           83
15.340735          105    16.507291          91     22.53288           146    21.006373          240    16.03141           125   20.213297          124   18.319669          117    23.217176          127    19.304038          100   13.567669          83
15.945493          105    16.507291          91     23.190123          144    21.65004           246    16.679204          124   20.890134          125   18.957124          117    23.879094          127    19.957445          100   14.14701           82
16.55713           105    16.507291          91     23.862048          147    22.283957          244    17.30069           129   21.567205          125   19.591492          116    24.559575          127    20.624519          100   14.741967          82
17.138947          102    16.507291          91     24.548471          147    22.944365          245    17.942913          125   22.24929           124   20.254665          118    25.237993          127    21.287375          100   15.352926          82
17.759162          102    16.507291          91     25.219379          145    23.608012          241    18.595688          124   22.927068          125   20.925169          116    25.921607          127    21.951189          100   15.95469           81
18.385698          103    16.507291          91     25.90627           145    24.280237          237    19.246777          126   23.616454          124   21.594843          116    26.610251          128    22.627705          100   16.571702          81
19.026147          103    16.507291          91     26.591974          145    24.96329           239    19.919101          125   24.313114          124   22.271215          118    27.313341          127    23.30359           100   17.211712          81
19.676426          104    16.507291          91     27.291085          147    25.634102          245    20.603556          123   25.007164          124   22.941501          117    28.023733          129    23.979773          100   17.833248          81
20.344304          103    16.507291          91     27.996035          148    26.31714           234    21.28578           130   25.706912          124   23.603412          117    28.710685          127    24.674273          100   18.479906          81
21.009702          103    16.507291          91     28.690423          147    27.007084          242    21.952121          128   26.413525          124   24.283056          117    29.399066          127    25.365316          100   19.139379          81
21.677041          102    16.507291          91     29.374693          151    27.712322          236    22.618861          128   27.080033          123   24.973715          117    30.096407          128    26.060272          100   19.808018          81
22.345238          102    16.507291          91     30.067544          144    28.411874          229    23.307124          126   27.790872          123   25.654738          117    30.81316           127    26.755072          100   20.491021          81
23.015007          103    16.507291          91     30.769147          147    29.096725          259    24.00139           120   28.501291          123   26.345142          117    31.523494          128    27.460026          100   21.170313          81
23.685606          103    16.507291          91     31.486785          145    29.784122          258    24.697059          123   29.197199          123   27.039691          118    32.228124          127    28.173273          101   21.852096          81
