# SYSTEM: Ni
# Method: l2t-MD

# NOTES:
# t: time
# ps: Picoseconds
# N_FP: Number of frenkel pairs
# Each two consecutive columns represents a result from a single simulation repeated with different Primary Knock-on Atom (PKA) directions

#t(ps)    N_FP   t(ps)     N_FP   t(ps)     N_FP  t(ps)     N_FP  t(ps)     N_FP  t(ps)     N_FP  t(ps)     N_FP
0         0      0         0      0         0     0         0     0         0     0         0     0         0
0.002481  1      0.002481  1      0.00248   1     0.002505  1     0.00248   1     0.002483  1     0.002482  1
0.00497   1      0.00506   1      0.004983  1     0.005053  2     0.005001  1     0.005019  1     0.004979  1
0.007875  2      0.008013  4      0.007569  3     0.00791   5     0.008376  2     0.007629  2     0.007489  2
0.0114    6      0.01144   8      0.010201  4     0.010956  8     0.011792  5     0.01025   3     0.010085  4
0.015231  12     0.016018  14     0.013289  8     0.014059  10    0.015289  9     0.0129    5     0.012789  7
0.019435  19     0.021446  28     0.016459  12    0.017379  18    0.018904  16    0.01557   8     0.015546  9
0.025305  43     0.027375  52     0.019668  14    0.020932  27    0.023244  29    0.018246  9     0.018316  11
0.031957  64     0.033739  83     0.022935  24    0.024802  42    0.028163  46    0.020939  11    0.021096  17
0.03915   115    0.040548  123    0.026418  32    0.029709  55    0.033807  68    0.023634  15    0.023903  21
0.047958  204    0.048348  210    0.030008  48    0.03501   91    0.039976  103   0.026354  20    0.026884  27
0.058754  362    0.059022  360    0.033997  68    0.040513  132   0.046963  162   0.029079  24    0.030067  31
0.072208  599    0.070884  562    0.038332  98    0.046789  188   0.05409   234   0.031867  31    0.03327   44
0.089061  992    0.08357   848    0.043524  129   0.054563  286   0.061818  364   0.034682  38    0.036701  60
0.117954  1645   0.098087  1211   0.050132  184   0.06512   444   0.070493  495   0.037619  49    0.04034   74
0.163717  2369   0.124373  1810   0.058235  297   0.080397  750   0.079574  667   0.040947  65    0.044054  90
0.269671  2648   0.183111  2489   0.067422  421   0.103797  1288  0.089129  872   0.044345  76    0.047831  116
0.45079   4155   0.332252  3021   0.078035  629   0.134179  1971  0.099306  1102  0.04786   91    0.05173   146
0.664046  6845   0.543133  5395   0.094736  973   0.20658   2549  0.110234  1368  0.051437  111   0.055687  175
0.89136   9193   0.786326  8011   0.120944  1580  0.359313  3146  0.123384  1652  0.055059  125   0.059746  210
1.14257   10888  1.02291   10024  0.164403  2273  0.579278  5153  0.143632  2013  0.058743  148   0.064281  254
1.40084   12143  1.29514   11237  0.296443  2985  0.834979  7780  0.168899  2307  0.062618  186   0.069177  301
1.66632   10894  1.57382   10154  0.489351  4836  1.09178   9467  0.20909   2429  0.067338  232   0.07419   368
1.92735   7165   1.85127   7120   0.709598  7252  1.3676    9090  0.324719  2538  0.072389  269   0.079336  435
2.1981    5273   2.13561   4315   0.950178  9516  1.65477   5838  0.546443  3723  0.077586  329   0.084844  523
2.48105   4093   2.4359    3126   1.20744   9645  1.93964   3669  0.800056  6338  0.083261  398   0.091966  672
2.76494   3404   2.73589   2611   1.45912   7827  2.24404   2706  1.09819   8043  0.089646  479   0.100725  834
3.06792   3127   3.04941   2274   1.71439   4929  2.55384   2232  1.40956   7069  0.09708   581   0.111001  1040
3.36963   2560   3.36583   1913   1.98015   3412  2.87642   1745  1.72617   3664  0.109712  824   0.121862  1252
3.67555   2064   3.69459   1537   2.27982   2478  3.21236   1405  2.04755   2262  0.129971  1229  0.133152  1472
3.99103   1772   4.03816   1243   2.58785   1951  3.5659    1194  2.37996   1737  0.165709  1881  0.145334  1689
4.31785   1492   4.38589   1021   2.89528   1671  3.92602   954   2.7225    1472  0.261853  2382  0.160764  1947
4.63943   1358   4.74263   875    3.23617   1429  4.28805   791   3.07365   1174  0.480714  2930  0.180466  2072
4.97198   1161   5.10672   743    3.58217   1184  4.66042   675   3.43765   1012  0.740527  3655  0.215359  2277
5.32374   1006   5.47909   635    3.93413   987   5.04996   530   3.80889   799   1.0275    3417  0.325863  2295
5.67477   949    5.86006   552    4.28617   828   5.45018   441   4.20029   655   1.3103    2166  0.582366  2706
6.04351   882    6.25914   455    4.66735   701   5.86418   373   4.5921    493   1.60115   1698  0.875533  2842
6.41994   761    6.66065   369    5.07109   573   6.28632   308   4.995     406   1.92034   1420  1.19231   2283
6.80483   635    7.07269   281    5.47783   440   6.72587   233   5.3999    328   2.24582   1047  1.52875   1743
7.20262   553    7.48196   242    5.89729   359   7.17297   186   5.82544   238   2.59878   756   1.87291   1345
7.61356   516    7.93233   183    6.34013   295   7.6465    136   6.25406   169   2.96354   587   2.2335    931
8.04959   459    8.38663   162    6.7956    249   8.13728   125   6.6987    130   3.33851   462   2.60488   690
8.48544   415    8.84549   131    7.2515    199   8.66231   127   7.13007   119   3.73941   348   2.98633   516
8.95116   379    9.33022   122    7.73123   161   9.22629   125   7.62096   111   4.14302   228   3.39062   384
9.41481   335    9.86256   121    8.23039   146   9.85341   124   8.14957   108   4.54326   167   3.8063    254
9.90708   326    10.4495   121    8.77513   146   10.5042   124   8.69638   106   4.97045   117   4.2167    172
10.4283   299    11.0644   122    9.38907   141   11.1732   124   9.2937    106   5.40525   99    4.64507   137
10.9623   298    11.726    122    10.0261   137   11.8691   126   9.93837   105   5.87637   96    5.1097    129
11.5376   286    12.4036   122    10.7063   139   12.5734   123   10.6169   105   6.41204   94    5.62773   124
12.1181   294    13.1207   123    11.3921   136   13.3001   123   11.3169   104   7.00966   94    6.21199   124
12.7534   287    13.8554   123    12.0976   137   14.0191   122   12.0292   104   7.64797   94    6.81996   124
13.4549   283    14.5963   126    12.8222   137   14.7695   122   12.7485   104   8.33099   94    7.46365   124
14.1757   293    15.3394   124    13.5757   134   15.5325   124   13.4964   104   9.03211   94    8.1423    124
14.8932   295    16.1      123    14.3282   135   16.2974   122   14.2488   104   9.75195   94    8.84067   124
15.6359   288    16.8632   125    15.0828   137   17.0712   124   15.0005   104   10.4838   94    9.56576   124
16.403    293    17.6307   123    15.8548   134   17.8316   123   15.7667   104   11.2234   94    10.2955   124
17.1697   281    18.4028   122    16.6221   137   18.6071   122   16.5355   104   11.977    94    11.0374   124
17.9196   296    19.174    125    17.3845   135   19.3858   122   17.3107   104   12.7301   94    11.7846   124
18.6904   291    19.9479   124    18.1579   134   20.1612   122   18.0809   104   13.4956   94    12.5373   124
19.4489   283    20.7297   123    18.9337   135   20.9349   123   18.8541   104   14.2619   94    13.3047   124
20.226    283    21.5041   123    19.7139   134   21.72     121   19.6319   104   15.0344   94    14.0662   124
21.0048   296    22.2866   124    20.4947   134   22.5073   123   20.4159   104   15.8079   94    14.8381   124
21.7767   306    23.0644   129    21.2735   134   23.2902   125   21.1898   104   16.5804   94    15.614    124
22.5568   306    23.8429   125    22.0496   134   24.0769   121   21.9686   104   17.3561   94    16.392    124
23.3364   305    24.6256   126    22.8261   135   24.8638   121   22.7451   104   18.1305   94    17.1722   124
24.1162   309    25.4077   123    23.5992   135   25.6433   124   23.5227   104   18.9059   94    17.9527   124
24.8896   284    26.1915   125    24.3785   135   26.4294   123   24.3048   104   19.6845   95    18.7311   124
25.6694   312    26.9728   122    25.1658   134   27.2122   123   25.0903   104   20.4662   94    19.5031   124
26.4476   289    27.7606   123    25.9432   136   27.9896   122   25.8677   104   21.2388   94    20.2793   124
27.2343   305    28.5384   127    26.7269   134   28.7654   122   26.6492   104   22.0142   94    21.0581   124
28.015    298    29.3199   126    27.507    138   29.529    121   27.4371   104   22.7906   94    21.8384   124
28.7916   316    30.1009   124    28.2871   134   30.3086   121   28.217    104   23.5781   94    22.6287   124
29.567    295    30.8912   124    29.0696   134   31.0877   126   28.9952   105   24.3621   94    23.4081   124
30.3454   292    31.6743   125    29.8543   136   31.879    122   29.7747   104   25.1399   94    24.1893   124
31.1105   304    32.4537   124    30.6409   135   32.6534   122   30.5576   104   25.9162   94    24.9637   124
31.8856   295    33.2373   124    31.4266   135   33.4351   127   31.3428   104   26.6982   94    25.7556   124
32.6656   300    34.0171   123    32.2128   137   34.2115   122   32.1266   104   27.4763   94    26.5435   124
33.4512   307    34.8016   124    32.9955   134   34.9953   122   32.9106   104   28.2646   94    27.3262   124
34.2356   293    35.5799   126    33.7803   135   35.7775   125   33.6895   104   29.0503   94    28.1114   124
35.0219   327    36.3627   125    34.5638   135   36.5606   123   34.4726   104   29.8365   94    28.8698   123
35.8059   316    37.1514   126    35.3454   134   37.3065   120   35.2535   104   30.6187   94    29.6523   123
36.5929   300    37.9392   124    36.1279   135   38.0955   121   36.0384   104   31.3975   94    30.432    123
37.373    302    38.7258   122    36.9149   137   38.8812   120   36.8299   104   32.1785   94    31.2196   123
38.1578   307    39.5126   125    37.7028   134   39.6676   120   37.6132   104   32.9594   94    32.0017   123
38.9407   303    40.2993   126    38.4907   136   40.4552   122   38.3946   104   33.7441   94    32.7796   123
39.7233   311    41.0821   124    39.2732   134   41.2423   122   39.1847   104   34.5262   94    33.5615   123
40.5132   318    41.864    125    40.0574   134   42.0331   121   39.9681   104   35.3018   94    34.3246   122
41.2945   296    42.656    124    40.8396   135   42.8162   121   40.7495   104   36.0847   94    35.1052   122
42.0799   302    43.4348   124    41.6228   137   43.6033   122   41.542    104   36.8685   94    35.889    122
42.8588   307    44.2133   123    42.4018   134   44.3935   120   42.3276   105   37.6569   94    36.6749   122
43.6473   316    44.9912   123    43.1822   135   45.1825   123   43.1138   104   38.4411   94    37.4639   122
44.4267   293    45.7791   126    43.9636   135   45.9652   122   43.899    104   39.2292   94    38.2415   122
45.2093   308    46.566    128    44.7539   134   46.7572   121   44.6816   104   40.0112   94    39.0224   122
45.9923   309    47.3487   125    45.5364   134   47.5432   121   45.468    104   40.7912   94    39.8071   122
46.7775   319    48.1333   125    46.3178   134   48.3326   120   46.2514   104   41.578    94    40.5934   122
47.5666   313    48.9153   123    47.1027   135   49.1202   120   47.0311   104   42.3644   94    41.372    122
48.346    306    49.698    124    47.888    135   49.9092   121   47.8147   104   43.1399   94    42.158    122
49.1339   299    50.4865   122    48.6742   136   50.6971   121   48.6029   104   43.9239   94    42.9339   122
49.9183   317    51.2731   124    49.4619   134   51.4799   123   49.3844   104   44.7062   94    43.7212   122
50.7034   308    52.059    126    50.2537   134   52.2655   120   50.1723   104   45.4917   94    44.5052   122
51.4797   301    52.8423   125    51.0416   137   53.0586   120   50.9555   104   46.2801   94    45.289    122
52.2665   314    53.6254   123    51.8249   135   53.8453   124   51.7367   104   47.0694   94    46.0682   122
53.0533   309    54.4091   125    52.6021   137   54.6361   120   52.5165   104   47.8529   94    46.8419   121
53.8401   305    55.1886   125    53.3836   134   55.4213   121   53.3014   104   48.632    94    47.6223   121
54.6223   327    55.9742   124    54.1592   135   56.2012   121   54.0728   103   49.4205   94    48.3718   120
55.4087   300    56.7526   122    54.9405   134   56.9831   121   54.8597   103   50.2035   94    49.1534   120
56.1932   302    57.5313   124    55.7296   136   57.7703   120   55.6381   103   50.9883   94    49.9135   119
56.98     305    58.3186   122    56.5111   136   58.5587   121   56.42     103   51.7698   94    50.6945   119
57.7594   312    59.0992   124    57.2975   135   59.3409   121   57.2051   103   52.5541   94    51.4773   119
58.5437   315    59.8876   125    58.082    137   60.1287   122   57.9837   103   53.3362   94    52.2632   119
59.3312   309    60.6791   125    58.8719   134   60.916    120   58.7703   103   54.1116   94    53.0514   119
60.1123   310    61.4546   123    59.6493   137   61.6954   121   59.5573   103   54.8914   94    53.8393   119
60.8925   303    62.2342   124    60.4336   135   62.4827   121   60.3515   103   55.6767   94    54.6284   119
61.6734   312    63.0259   123    61.2153   134   63.2653   122   61.1336   103   56.4646   94    55.408    119
62.4546   312    63.819    124    62.0021   135   64.0472   121   61.9238   103   57.2496   94    56.1901   119
63.2453   305    64.6132   126    62.7847   135   64.8224   121   62.7077   103   58.0336   94    56.9763   119
64.0259   313    65.3959   122    63.5757   136   65.6056   121   63.4878   102   58.8127   94    57.7593   119
64.8204   324    66.1869   123    64.3596   135   66.3901   122   64.2561   102   59.5988   94    58.5534   119
65.6022   301    66.9771   123    65.1438   136   67.1742   121   65.0381   102   60.386    94    59.3342   119
66.3872   311    67.7638   123    65.9246   134   67.9664   121   65.8322   102   61.1682   94    60.1185   119
67.1816   305    68.5528   124    66.7102   135   68.7487   123   66.6125   102   61.9564   94    60.9066   119
67.9698   295    69.3368   123    67.491    134   69.5405   120   67.3946   102   62.74     94    61.6998   119
68.7504   322    70.1257   123    68.2821   134   70.3234   122   68.1754   102   63.5174   94    62.4843   119
69.5448   310    70.9104   122    69.0693   134   71.1093   122   68.9491   102   64.3005   94    63.2703   119
70.3352   309    71.695    128    69.8515   135   71.8898   120   69.7322   102   65.0851   94    64.0509   119
71.119    310    72.4768   124    70.6397   134   72.6821   120   70.5185   102   65.8647   94    64.8399   119
71.9088   299    73.2643   123    71.4281   134   73.4716   120   71.2983   102   66.6515   94    65.6258   119
72.7013   310    74.0478   124    72.2115   134   74.2613   120   72.086    102   67.4299   94    66.3816   118
73.4785   320    74.8323   125    73.006    134   75.0432   121   72.8698   102   68.2185   94    67.1776   118
74.2665   313    75.616    124    73.7941   134   75.8261   121   73.6564   102   68.9984   95    67.9644   118
75.0513   322    76.4046   127    74.5797   134   76.6124   122   74.4408   102   69.7884   94    68.7449   118
