# SYSTEM: Ni
# Method: l2t-MD

# NOTES:
# t: time
# ps: Picoseconds
# T_e: The average electronic temperature over all atoms in each simulation cell
# K: Kelvin
# Each two consecutive columns represents a result from a single simulation repeated with different Primary Knock-on Atom (PKA) directions

#t(ps)    T_e(K)    t(ps)     T_e(K)    t(ps)     T_e(K)    t(ps)     T_e(K)    t(ps)     T_e(K)    t(ps)     T_e(K)    t(ps)     T_e(K)
0         300       0         300       0         300       0         300       0         300       0         300       0         300
0.002481  300.0174  0.002481  300.0172  0.00248   300.0172  0.002505  300.0178  0.00248   300.0173  0.002483  300.0175  0.002482  300.0163
0.00497   300.0464  0.00506   300.0479  0.004983  300.0468  0.005053  300.0473  0.005001  300.0465  0.005019  300.047   0.004979  300.0449
0.007875  300.0922  0.008013  300.0931  0.007569  300.0871  0.00791   300.0908  0.008376  300.0988  0.007629  300.0879  0.007489  300.082
0.0114    300.1593  0.01144   300.1572  0.010201  300.1338  0.010956  300.1482  0.011792  300.168   0.01025   300.1354  0.010085  300.1308
0.015231  300.2424  0.016018  300.266   0.013289  300.1998  0.014059  300.2142  0.015289  300.25    0.0129    300.1915  0.012789  300.1861
0.019435  300.3426  0.021446  300.403   0.016459  300.2718  0.017379  300.2896  0.018904  300.3443  0.01557   300.2517  0.015546  300.2489
0.025305  300.4888  0.027375  300.556   0.019668  300.3528  0.020932  300.3772  0.023244  300.4667  0.018246  300.3159  0.018316  300.3158
0.031957  300.6563  0.033739  300.7195  0.022935  300.4372  0.024802  300.4779  0.028163  300.6173  0.020939  300.3878  0.021096  300.3871
0.03915   300.8271  0.040548  300.8727  0.026418  300.5328  0.029709  300.6065  0.033807  300.7917  0.023634  300.4603  0.023903  300.4649
0.047958  301.014   0.048348  301.0307  0.030008  300.6333  0.03501   300.744   0.039976  300.9814  0.026354  300.5417  0.026884  300.5502
0.058754  301.1941  0.059022  301.2125  0.033997  300.7524  0.040513  300.8771  0.046963  301.1733  0.029079  300.6231  0.030067  300.6488
0.072208  301.3771  0.070884  301.3721  0.038332  300.8855  0.046789  301.034   0.05409   301.3556  0.031867  300.71    0.03327   300.7511
0.089061  301.5677  0.08357   301.5136  0.043524  301.0383  0.054563  301.2235  0.061818  301.5363  0.034682  300.8028  0.036701  300.8615
0.117954  301.8202  0.098087  301.6474  0.050132  301.2248  0.06512   301.439   0.070493  301.7137  0.037619  300.9028  0.04034   300.9803
0.163717  302.0799  0.124373  301.8342  0.058235  301.44    0.080397  301.6955  0.079574  301.8702  0.040947  301.0119  0.044054  301.1068
0.269671  302.4834  0.183111  302.1017  0.067422  301.655   0.103797  301.9842  0.089129  302.01    0.044345  301.1327  0.047831  301.2317
0.45079   302.9893  0.332252  302.5649  0.078035  301.8851  0.134179  302.271   0.099306  302.1372  0.04786   301.2585  0.05173   301.3685
0.664046  303.4623  0.543133  303.0707  0.094736  302.207   0.20658   302.7212  0.110234  302.2608  0.051437  301.3894  0.055687  301.5043
0.89136   303.901   0.786326  303.5489  0.120944  302.589   0.359313  303.3141  0.123384  302.3944  0.055059  301.5234  0.059746  301.6426
1.14257   304.3383  1.02291   303.9653  0.164403  303.0246  0.579278  303.9129  0.143632  302.5687  0.058743  301.6563  0.064281  301.8033
1.40084   304.7438  1.29514   304.4033  0.296443  303.7598  0.834979  304.4532  0.168899  302.7354  0.062618  301.7983  0.069177  301.9719
1.66632   305.1471  1.57382   304.8302  0.489351  304.4114  1.09178   304.9165  0.20909   302.9302  0.067338  301.9696  0.07419   302.1429
1.92735   305.5334  1.85127   305.2505  0.709598  304.9394  1.3676    305.3617  0.324719  303.3686  0.072389  302.1564  0.079336  302.3219
2.1981    305.9336  2.13561   305.6823  0.950178  305.4073  1.65477   305.7984  0.546443  303.9652  0.077586  302.3594  0.084844  302.5134
2.48105   306.3487  2.4359    306.1322  1.20744   305.8485  1.93964   306.2242  0.800056  304.4892  0.083261  302.5932  0.091966  302.7411
2.76494   306.7621  2.73589   306.5799  1.45912   306.2415  2.24404   306.6701  1.09819   305.0048  0.089646  302.8539  0.100725  302.9962
3.06792   307.207   3.04941   307.0416  1.71439   306.6238  2.55384   307.1167  1.40956   305.5134  0.09708   303.1552  0.111001  303.2501
3.36963   307.6429  3.36583   307.4971  1.98015   307.0132  2.87642   307.5856  1.72617   306.0023  0.109712  303.6405  0.121862  303.4827
3.67555   308.077   3.69459   307.9697  2.27982   307.4421  3.21236   308.0752  2.04755   306.4931  0.129971  304.3201  0.133152  303.7026
3.99103   308.5276  4.03816   308.4671  2.58785   307.8844  3.5659    308.5822  2.37996   306.993   0.165709  305.2206  0.145334  303.9169
4.31785   308.9904  4.38589   308.9674  2.89528   308.3251  3.92602   309.0984  2.7225    307.5023  0.261853  306.5013  0.160764  304.1618
4.63943   309.4418  4.74263   309.4715  3.23617   308.8123  4.28805   309.6134  3.07365   308.0206  0.480714  307.8607  0.180466  304.4375
4.97198   309.8988  5.10672   309.9776  3.58217   309.2935  4.66042   310.1365  3.43765   308.5513  0.740527  308.6976  0.215359  304.8581
5.32374   310.3718  5.47909   310.4814  3.93413   309.7853  5.04996   310.6708  3.80889   309.0856  1.0275    309.3295  0.325863  305.7948
5.67477   310.8288  5.86006   310.9812  4.28617   310.2726  5.45018   311.2065  4.20029   309.645   1.3103    309.8431  0.582366  306.9501
6.04351   311.2938  6.25914   311.4922  4.66735   310.7926  5.86418   311.7408  4.5921    310.1948  1.60115   310.3117  0.875533  307.7446
6.41994   311.7686  6.66065   312.0182  5.07109   311.3308  6.28632   312.2747  4.995     310.7493  1.92034   310.788   1.19231   308.3636
6.80483   312.2631  7.07269   312.5414  5.47783   311.8583  6.72587   312.8382  5.3999    311.2915  2.24582   311.2513  1.52875   308.9165
7.20262   312.7445  7.48196   313.0281  5.89729   312.3871  7.17297   313.3863  5.82544   311.8417  2.59878   311.7387  1.87291   309.4343
7.61356   313.2182  7.93233   313.5696  6.34013   312.9319  7.6465    313.9384  6.25406   312.3798  2.96354   312.2287  2.2335    309.959
8.04959   313.731   8.38663   314.0992  6.7956    313.5023  8.13728   314.5149  6.6987    312.947   3.33851   312.7211  2.60488   310.4833
8.48544   314.2191  8.84549   314.5998  7.2515    314.0435  8.66231   315.0903  7.13007   313.4745  3.73941   313.2321  2.98633   311.012
8.95116   314.7125  9.33022   315.1183  7.73123   314.5916  9.22629   315.6821  7.62096   314.0427  4.14302   313.7415  3.39062   311.5596
9.41481   315.1974  9.86256   315.6761  8.23039   315.1606  9.85341   316.3266  8.14957   314.6564  4.54326   314.2359  3.8063    312.1072
9.90708   315.7069  10.4495   316.2895  8.77513   315.7367  10.5042   316.9875  8.69638   315.2484  4.97045   314.7499  4.2167    312.6463
10.4283   316.2463  11.0644   316.8921  9.38907   316.3654  11.1732   317.6243  9.2937    315.8671  5.40525   315.2541  4.64507   313.1977
10.9623   316.7661  11.726    317.5151  10.0261   317.0045  11.8691   318.2542  9.93837   316.5186  5.87637   315.7823  5.1097    313.7756
11.5376   317.3094  12.4036   318.1233  10.7063   317.6644  12.5734   318.8675  10.6169   317.1876  6.41204   316.3635  5.62773   314.3934
12.1181   317.8332  13.1207   318.7335  11.3921   318.2933  13.3001   319.4639  11.3169   317.8379  7.00966   317.0003  6.21199   315.0596
12.7534   318.3873  13.8554   319.3468  12.0976   318.907   14.0191   320.0455  12.0292   318.464   7.64797   317.6355  6.81996   315.7434
13.4549   318.9658  14.5963   319.9094  12.8222   319.5099  14.7695   320.5867  12.7485   319.0724  8.33099   318.2973  7.46365   316.4178
14.1757   319.5535  15.3394   320.4578  13.5757   320.1099  15.5325   321.1378  13.4964   319.6715  9.03211   318.9294  8.1423    317.1128
14.8932   320.069   16.1      320.9987  14.3282   320.6813  16.2974   321.6633  14.2488   320.2535  9.75195   319.5496  8.84067   317.7775
15.6359   320.6144  16.8632   321.5097  15.0828   321.2056  17.0712   322.1611  15.0005   320.7803  10.4838   320.1707  9.56576   318.4365
16.403    321.1473  17.6307   322.0054  15.8548   321.7379  17.8316   322.6273  15.7667   321.3157  11.2234   320.7567  10.2955   319.0876
17.1697   321.646   18.4028   322.466   16.6221   322.2408  18.6071   323.0809  16.5355   321.8267  11.977    321.3261  11.0374   319.7078
17.9196   322.1096  19.174    322.9213  17.3845   322.7156  19.3858   323.5257  17.3107   322.3135  12.7301   321.8674  11.7846   320.3027
18.6904   322.5681  19.9479   323.3518  18.1579   323.1612  20.1612   323.9282  18.0809   322.7626  13.4956   322.3928  12.5373   320.8745
19.4489   323.0086  20.7297   323.7439  18.9337   323.6013  20.9349   324.3147  18.8541   323.2065  14.2619   322.8956  13.3047   321.425
20.226    323.4152  21.5041   324.1383  19.7139   324.0288  21.72     324.6932  19.6319   323.6352  15.0344   323.3621  14.0662   321.957
21.0048   323.8097  22.2866   324.5095  20.4947   324.4048  22.5073   325.0603  20.4159   324.0211  15.8079   323.8203  14.8381   322.4448
21.7767   324.1869  23.0644   324.864   21.2735   324.7859  23.2902   325.4005  21.1898   324.4022  16.5804   324.2572  15.614    322.9306
22.5568   324.5564  23.8429   325.1859  22.0496   325.138   24.0769   325.7122  21.9686   324.7603  17.3561   324.6725  16.392    323.3945
23.3364   324.9007  24.6256   325.5144  22.8261   325.4862  24.8638   326.0365  22.7451   325.1114  18.1305   325.0601  17.1722   323.8303
24.1162   325.2131  25.4077   325.8193  23.5992   325.8026  25.6433   326.3274  23.5227   325.4353  18.9059   325.4374  17.9527   324.2436
24.8896   325.5395  26.1915   326.1063  24.3785   326.1073  26.4294   326.6008  24.3048   325.7426  19.6845   325.8043  18.7311   324.6403
25.6694   325.8336  26.9728   326.3819  25.1658   326.412   27.2122   326.8629  25.0903   326.0505  20.4662   326.1336  19.5031   325.0215
26.4476   326.109   27.7606   326.64    25.9432   326.6901  27.9896   327.1206  25.8677   326.3328  21.2388   326.4595  20.2793   325.3671
27.2343   326.3771  28.5384   326.9039  26.7269   326.9553  28.7654   327.364   26.6492   326.5974  22.0142   326.7635  21.0581   325.7119
28.015    326.6391  29.3199   327.1284  27.507    327.1996  29.529    327.5753  27.4371   326.849   22.7906   327.0634  21.8384   326.0344
28.7916   326.8896  30.1009   327.3537  28.2871   327.4573  30.3086   327.7994  28.217    327.1068  23.5781   327.3445  22.6287   326.355
29.567    327.1051  30.8912   327.5803  29.0696   327.6817  31.0877   328.0099  28.9952   327.3351  24.3621   327.6107  23.4081   326.6482
30.3454   327.3341  31.6743   327.786   29.8543   327.8956  31.879    328.2143  29.7747   327.5471  25.1399   327.8703  24.1893   326.9224
31.1105   327.5439  32.4537   327.9712  30.6409   328.1158  32.6534   328.3899  30.5576   327.7692  25.9162   328.11    24.9637   327.1968
31.8856   327.7481  33.2373   328.1575  31.4266   328.3123  33.4351   328.572   31.3428   327.9683  26.6982   328.3415  25.7556   327.454
32.6656   327.9255  34.0171   328.3494  32.2128   328.5026  34.2115   328.7538  32.1266   328.1618  27.4763   328.5533  26.5435   327.6956
33.4512   328.1138  34.8016   328.5054  32.9955   328.6776  34.9953   328.9079  32.9106   328.3381  28.2646   328.7763  27.3262   327.9211
34.2356   328.3017  35.5799   328.6667  33.7803   328.8603  35.7775   329.0627  33.6895   328.518   29.0503   328.9735  28.1114   328.1514
35.0219   328.4559  36.3627   328.8234  34.5638   329.0192  36.5606   329.2141  34.4726   328.684   29.8365   329.1612  28.8698   328.3529
35.8059   328.6158  37.1514   328.9727  35.3454   329.1751  37.3065   329.3542  35.2535   328.839   30.6187   329.3487  29.6523   328.5471
36.5929   328.7703  37.9392   329.1147  36.1279   329.3238  38.0955   329.4846  36.0384   328.9897  31.3975   329.5179  30.432    328.7428
37.373    328.919   38.7258   329.2347  36.9149   329.4677  38.8812   329.61    36.8299   329.1349  32.1785   329.6838  31.2196   328.9248
38.1578   329.0493  39.5126   329.3738  37.7028   329.6097  39.6676   329.7418  37.6132   329.2792  32.9594   329.8359  32.0017   329.1001
38.9407   329.1769  40.2993   329.4927  38.4907   329.7239  40.4552   329.8562  38.3946   329.394   33.7441   329.9924  32.7796   329.2579
39.7233   329.3104  41.0821   329.6082  39.2732   329.8575  41.2423   329.9689  39.1847   329.5279  34.5262   330.132   33.5615   329.4176
40.5132   329.4269  41.864    329.7052  40.0574   329.976   42.0331   330.0682  39.9681   329.6489  35.3018   330.2672  34.3246   329.568
41.2945   329.5402  42.656    329.8248  40.8396   330.0851  42.8162   330.1794  40.7495   329.7589  36.0847   330.3964  35.1052   329.707
42.0799   329.6398  43.4348   329.9255  41.6228   330.1849  43.6033   330.2755  41.542    329.8631  36.8685   330.5204  35.889    329.8425
42.8588   329.7536  44.2133   330.0045  42.4018   330.2945  44.3935   330.3589  42.3276   329.9703  37.6569   330.6433  36.6749   329.9733
43.6473   329.8516  44.9912   330.1052  43.1822   330.3931  45.1825   330.4548  43.1138   330.0715  38.4411   330.746   37.4639   330.103
44.4267   329.9325  45.7791   330.1898  43.9636   330.474   45.9652   330.5382  43.899    330.1562  39.2292   330.8608  38.2415   330.2118
45.2093   330.0321  46.566    330.2773  44.7539   330.5682  46.7572   330.62    44.6816   330.2478  40.0112   330.9635  39.0224   330.3271
45.9923   330.1159  47.3487   330.3407  45.5364   330.6518  47.5432   330.685   45.468    330.3327  40.7912   331.0589  39.8071   330.4382
46.7775   330.1989  48.1333   330.4268  46.3178   330.7348  48.3326   330.7732  46.2514   330.4169  41.578    331.1487  40.5934   330.5368
47.5666   330.2641  48.9153   330.4962  47.1027   330.8017  49.1202   330.8347  47.0311   330.4857  42.3644   331.2414  41.372    330.6354
48.346    330.3543  49.698    330.5617  47.888    330.8756  49.9092   330.8968  47.8147   330.558   43.1399   331.3265  42.158    330.7265
49.1339   330.4165  50.4865   330.6249  48.6742   330.9541  50.6971   330.9637  48.6029   330.6382  43.9239   331.4002  42.9339   330.8175
49.9183   330.4796  51.2731   330.6851  49.4619   331.0154  51.4799   331.0222  49.3844   330.6995  44.7062   331.48    43.7212   330.8987
50.7034   330.5479  52.059    330.7542  50.2537   331.0732  52.2655   331.0838  50.1723   330.7573  45.4917   331.5531  44.5052   330.9785
51.4797   330.6049  52.8423   330.7971  51.0416   331.1364  53.0586   331.1261  50.9555   330.8217  46.2801   331.6246  45.289    331.0569
52.2665   330.672   53.6254   330.8553  51.8249   331.2009  53.8453   331.1885  51.7367   330.884   47.0694   331.6864  46.0682   331.1309
53.0533   330.7115  54.4091   330.908   52.6021   331.2472  54.6361   331.2342  52.5165   330.9338  47.8529   331.7494  46.8419   331.199
53.8401   330.7759  55.1886   330.9579  53.3836   331.2951  55.4213   331.2851  53.3014   330.9809  48.632    331.817   47.6223   331.2597
54.6223   330.8223  55.9742   330.9956  54.1592   331.3527  56.2012   331.319   54.0728   331.0385  49.4205   331.8704  48.3718   331.3316
55.4087   330.8751  56.7526   331.0416  54.9405   331.3965  56.9831   331.3681  54.8597   331.0828  50.2035   331.9225  49.1534   331.3847
56.1932   330.9084  57.5313   331.0912  55.7296   331.4406  57.7703   331.4169  55.6381   331.129   50.9883   331.9758  49.9135   331.4398
56.98     330.9587  58.3186   331.1233  56.5111   331.478   58.5587   331.44    56.42     331.1659  51.7698   332.0306  50.6945   331.4977
57.7594   331.0093  59.0992   331.1606  57.2975   331.5256  59.3409   331.4835  57.2051   331.2128  52.5541   332.0734  51.4773   331.5503
58.5437   331.0316  59.8876   331.1999  58.082    331.5661  60.1287   331.5191  57.9837   331.2568  53.3362   332.1153  52.2632   331.6019
59.3312   331.0774  60.6791   331.2376  58.8719   331.5948  60.916    331.5582  58.7703   331.2828  54.1116   332.164   53.0514   331.644
60.1123   331.1127  61.4546   331.2667  59.6493   331.6349  61.6954   331.5758  59.5573   331.3243  54.8914   332.202   53.8393   331.6969
60.8925   331.1522  62.2342   331.2933  60.4336   331.6692  62.4827   331.6146  60.3515   331.3596  55.6767   332.2426  54.6284   331.7369
61.6734   331.1716  63.0259   331.3325  61.2153   331.7048  63.2653   331.6463  61.1336   331.3962  56.4646   332.275   55.408    331.7812
62.4546   331.2088  63.819    331.3592  62.0021   331.7226  64.0472   331.6704  61.9238   331.4135  57.2496   332.3156  56.1901   331.8144
63.2453   331.2429  64.6132   331.3803  62.7847   331.7625  64.8224   331.6953  62.7077   331.4541  58.0336   332.3505  56.9763   331.8572
64.0259   331.2681  65.3959   331.4077  63.5757   331.7895  65.6056   331.7172  63.4878   331.4813  58.8127   332.3772  57.7593   331.8979
64.8204   331.2915  66.1869   331.4386  64.3596   331.8104  66.3901   331.7514  64.2561   331.5033  59.5988   332.4113  58.5534   331.9219
65.6022   331.3155  66.9771   331.4611  65.1438   331.8389  67.1742   331.7662  65.0381   331.5314  60.386    332.4411  59.3342   331.9595
66.3872   331.3507  67.7638   331.4724  65.9246   331.8621  67.9664   331.7849  65.8322   331.5538  61.1682   332.4723  60.1185   331.9915
67.1816   331.3659  68.5528   331.5064  66.7102   331.8913  68.7487   331.8106  66.6125   331.5846  61.9564   332.49    60.9066   332.024
67.9698   331.3833  69.3368   331.5239  67.491    331.901   69.5405   331.8339  67.3946   331.5964  62.74     332.5226  61.6998   332.043
68.7504   331.4127  70.1257   331.5435  68.2821   331.9313  70.3234   331.8465  68.1754   331.6229  63.5174   332.5456  62.4843   332.077
69.5448   331.434   70.9104   331.5559  69.0693   331.9473  71.1093   331.8619  68.9491   331.6406  64.3005   332.5661  63.2703   332.1038
70.3352   331.4479  71.695    331.579   69.8515   331.9702  71.8898   331.8876  69.7322   331.6653  65.0851   332.5903  64.0509   332.1252
71.119    331.4635  72.4768   331.5997  70.6397   331.9807  72.6821   331.9003  70.5185   331.6754  65.8647   332.61    64.8399   332.1496
71.9088   331.4888  73.2643   331.6067  71.4281   331.9998  73.4716   331.913   71.2983   331.6932  66.6515   332.6342  65.6258   332.1685
72.7013   331.5038  74.0478   331.6248  72.2115   332.0247  74.2613   331.9301  72.086    331.7187  67.4299   332.6454  66.3816   332.1959
73.4785   331.5138  74.8323   331.6392  73.006    332.0294  75.0432   331.9456  72.8698   331.7269  68.2185   332.6693  67.1776   332.2108
74.2665   331.5318  75.616    331.6616  73.7941   332.0471  75.8261   331.9592  73.6564   331.7422  68.9984   332.6839  67.9644   332.2291
75.0513   331.5478  76.4046   331.6589  74.5797   332.0618  76.6124   331.9656  74.4408   331.7586  69.7884   332.7032  68.7449   332.25
