# SYSTEM: Ni
# Method: l2t-MD

# NOTES:
# t: time
# ps: Picoseconds
# T_lat^I: The maximum local lattice temperature
# K: Kelvin
# Each two consecutive columns represents a result from a single simulation repeated with different Primary Knock-on Atom (PKA) directions

#t(ps)    T_lat^I(K)  t(ps)     T_lat^I(K)  t(ps)     T_lat^I(K)  t(ps)     T_lat^I(K)  t(ps)     T_lat^I(K)  t(ps)     T_lat^I(K)  t(ps)     T_lat^I(K)
0         867259      0         863377      0         877174      0         863376      0         867260      0         877174      0         867259
0.002481  854507      0.002481  843472      0.00248   855743      0.002505  856029      0.00248   867204      0.002483  876898      0.002482  897599
0.00497   831335      0.00506   837053      0.004983  894057      0.005053  741822      0.005001  835086      0.005019  921169      0.004979  899662
0.007875  528687      0.008013  773033      0.007569  874245      0.00791   647410      0.008376  489527      0.007629  920428      0.007489  820278
0.0114    494452      0.01144   726673      0.010201  591483      0.010956  604830      0.011792  447316      0.01025   726351      0.010085  706990
0.015231  468143      0.016018  355499      0.013289  505257      0.014059  588979      0.015289  403746      0.0129    663517      0.012789  699278
0.019435  292180      0.021446  196614      0.016459  540399      0.017379  405199      0.018904  308260      0.01557   726110      0.015546  673214
0.025305  156199      0.027375  164344      0.019668  542152      0.020932  392673      0.023244  283259      0.018246  806043      0.018316  751492
0.031957  129786      0.033739  159810      0.022935  569610      0.024802  386706      0.028163  278925      0.020939  721665      0.021096  750545
0.03915   94900.9     0.040548  125939      0.026418  429539      0.029709  245117      0.033807  133306      0.023634  798157      0.023903  748267
0.047958  92587.1     0.048348  83431.8     0.030008  440062      0.03501   227975      0.039976  133283      0.026354  794544      0.026884  609081
0.058754  47934.2     0.059022  78272       0.033997  317962      0.040513  177325      0.046963  103422      0.029079  724123      0.030067  472090
0.072208  34981.9     0.070884  38311.7     0.038332  276425      0.046789  103184      0.05409   92053.2     0.031867  627789      0.03327   488108
0.089061  29707.5     0.08357   32245       0.043524  176883      0.054563  97388.8     0.061818  76589.6     0.034682  636857      0.036701  470213
0.117954  15681.1     0.098087  27402.2     0.050132  108916      0.06512   65947.5     0.070493  67725.1     0.037619  631753      0.04034   356174
0.163717  13116.4     0.124373  13125.1     0.058235  99747.7     0.080397  30849.6     0.079574  66148.9     0.040947  445419      0.044054  365415
0.269671  12011.6     0.183111  8763.01     0.067422  66112.7     0.103797  15564.7     0.089129  54648.8     0.044345  447486      0.047831  360654
0.45079   9709.6      0.332252  7953.7      0.078035  62706.6     0.134179  12022       0.099306  52811.8     0.04786   436211      0.05173   374024
0.664046  7775.48     0.543133  6971.32     0.094736  31201.7     0.20658   9085.68     0.110234  48977.4     0.051437  427893      0.055687  364184
0.89136   7060.9      0.786326  6405.56     0.120944  14206.6     0.359313  7851.44     0.123384  27107.5     0.055059  431449      0.059746  324007
1.14257   6538.38     1.02291   5529.94     0.164403  11386.6     0.579278  6638.11     0.143632  19850.1     0.058743  393444      0.064281  318271
1.40084   5976.35     1.29514   5224.49     0.296443  8419.05     0.834979  5574.09     0.168899  8769.53     0.062618  403912      0.069177  232701
1.66632   5592.19     1.57382   5410.23     0.489351  7264.38     1.09178   5444.79     0.20909   7203.26     0.067338  400985      0.07419   208597
1.92735   5391.39     1.85127   5064.71     0.709598  5856.68     1.3676    4982.35     0.324719  5796.53     0.072389  215829      0.079336  209089
2.1981    5398.07     2.13561   4957.07     0.950178  5433.54     1.65477   4940.12     0.546443  4750.31     0.077586  224947      0.084844  165227
2.48105   5167.29     2.4359    4371.2      1.20744   5591.96     1.93964   4432.83     0.800056  4460.87     0.083261  171493      0.091966  118237
2.76494   4738.67     2.73589   4454.74     1.45912   5241.32     2.24404   4202.25     1.09819   3685.4      0.089646  148881      0.100725  114776
3.06792   4514.63     3.04941   3899.16     1.71439   4518.14     2.55384   3898.28     1.40956   3409.52     0.09708   89122       0.111001  56580.6
3.36963   4052.71     3.36583   3716.99     1.98015   4658.22     2.87642   3587.24     1.72617   3068.97     0.109712  47374.2     0.121862  45437.2
3.67555   3856.64     3.69459   3550.66     2.27982   3951.9      3.21236   3176.51     2.04755   3043.06     0.129971  25989.6     0.133152  43239.6
3.99103   3827.16     4.03816   3332.92     2.58785   3672.39     3.5659    3004.79     2.37996   2949.25     0.165709  16055.7     0.145334  37510.9
4.31785   3688.34     4.38589   3021.7      2.89528   3379.29     3.92602   2923.19     2.7225    2672.77     0.261853  6679.34     0.160764  33284.4
4.63943   3564.39     4.74263   2822.96     3.23617   3290.14     4.28805   2706.6      3.07365   2766.25     0.480714  5280.83     0.180466  13391.9
4.97198   3242.48     5.10672   2738.1      3.58217   2768.65     4.66042   2471.01     3.43765   2365.97     0.740527  4430.09     0.215359  12690.5
5.32374   3001.17     5.47909   2597.48     3.93413   2792.22     5.04996   2364.19     3.80889   2345.01     1.0275    4250.71     0.325863  4438
5.67477   3090.43     5.86006   2503.99     4.28617   2659.77     5.45018   2234.52     4.20029   2275.24     1.3103    4444.19     0.582366  3685.24
6.04351   2658.11     6.25914   2283.55     4.66735   2530.45     5.86418   2028.43     4.5921    2292.63     1.60115   3962.53     0.875533  3449.73
6.41994   2517.99     6.66065   2396.21     5.07109   2329.73     6.28632   1793.24     4.995     2071.02     1.92034   3482.32     1.19231   3039.06
6.80483   2542.72     7.07269   2106.55     5.47783   1980.6      6.72587   1896.56     5.3999    1956.6      2.24582   3185        1.52875   2827.84
7.20262   2342.58     7.48196   2003.86     5.89729   1925.37     7.17297   1876.69     5.82544   2080.37     2.59878   2818.51     1.87291   2600.9
7.61356   2036.85     7.93233   1837.73     6.34013   1724.44     7.6465    1436.76     6.25406   1897.94     2.96354   2514.5      2.2335    2532.62
8.04959   1996.48     8.38663   1754.83     6.7956    1720.22     8.13728   1368.67     6.6987    1872.51     3.33851   2358.3      2.60488   2199.48
8.48544   1807.5      8.84549   1620.34     7.2515    1488.81     8.66231   1110.83     7.13007   1543.26     3.73941   2011.19     2.98633   2098.13
8.95116   1737.94     9.33022   1411.61     7.73123   1346.87     9.22629   958.452     7.62096   1301.1      4.14302   1913.57     3.39062   1954.68
9.41481   1569.27     9.86256   1160.53     8.23039   1235.16     9.85341   845.729     8.14957   1113.68     4.54326   1827.88     3.8063    1882.34
9.90708   1415.89     10.4495   990.775     8.77513   1040.56     10.5042   756.285     8.69638   1007.26     4.97045   1635.78     4.2167    1793.32
10.4283   1296.74     11.0644   857.938     9.38907   865.448     11.1732   697.274     9.2937    836.535     5.40525   1445.21     4.64507   1602.08
10.9623   1180.58     11.726    769.702     10.0261   748.981     11.8691   652.293     9.93837   742.738     5.87637   1187.14     5.1097    1289.46
11.5376   1094.45     12.4036   657.423     10.7063   713.742     12.5734   567.124     10.6169   708.043     6.41204   961.979     5.62773   1161.45
12.1181   1010.64     13.1207   552.692     11.3921   659.805     13.3001   522.653     11.3169   672.656     7.00966   813.78      6.21199   961.243
12.7534   767.011     13.8554   547.164     12.0976   640.974     14.0191   570.159     12.0292   602.853     7.64797   716.019     6.81996   839.616
13.4549   677.243     14.5963   559.577     12.8222   531.589     14.7695   532.394     12.7485   524.2       8.33099   645.746     7.46365   705.154
14.1757   710.219     15.3394   477.351     13.5757   509.461     15.5325   459.162     13.4964   535.909     9.03211   598.352     8.1423    647.103
14.8932   638.946     16.1      459.734     14.3282   524         16.2974   442.839     14.2488   511.708     9.75195   590.104     8.84067   593.279
15.6359   518.161     16.8632   478.849     15.0828   493.039     17.0712   463.615     15.0005   476.218     10.4838   540.735     9.56576   563.47
16.403    512.858     17.6307   456.012     15.8548   431.3       17.8316   441.193     15.7667   431.9       11.2234   526.947     10.2955   531.988
17.1697   533.91      18.4028   434.969     16.6221   452.296     18.6071   437.656     16.5355   453.191     11.977    502.767     11.0374   514.452
17.9196   482.388     19.174    438.637     17.3845   445.142     19.3858   415.639     17.3107   443.036     12.7301   465.701     11.7846   495.964
18.6904   481.845     19.9479   410.805     18.1579   442.77      20.1612   401.626     18.0809   427.912     13.4956   441.193     12.5373   475.494
19.4489   440.851     20.7297   409.142     18.9337   426.967     20.9349   409.921     18.8541   421.092     14.2619   464.5       13.3047   443.556
20.226    409.411     21.5041   415.882     19.7139   409.12      21.72     407.623     19.6319   399.833     15.0344   473.817     14.0662   446.979
21.0048   413.676     22.2866   399.733     20.4947   404.911     22.5073   408.248     20.4159   417.454     15.8079   426.586     14.8381   451.514
21.7767   421.069     23.0644   402.613     21.2735   406.198     23.2902   398.995     21.1898   397.432     16.5804   418.095     15.614    413.948
22.5568   405.549     23.8429   395.36      22.0496   409.66      24.0769   394.373     21.9686   397.216     17.3561   430.896     16.392    414.164
23.3364   428.791     24.6256   398.667     22.8261   406.391     24.8638   392.856     22.7451   400.046     18.1305   420.682     17.1722   417.905
24.1162   401.787     25.4077   385.898     23.5992   396.543     25.6433   400.745     23.5227   405.583     18.9059   419.055     17.9527   414.42
24.8896   399.009     26.1915   397.746     24.3785   396.394     26.4294   390.967     24.3048   404.745     19.6845   414.246     18.7311   417.212
25.6694   395.066     26.9728   388.901     25.1658   390.452     27.2122   389.529     25.0903   399.297     20.4662   404.949     19.5031   399.249
26.4476   402.442     27.7606   389.588     25.9432   387.977     27.9896   397.565     25.8677   395.291     21.2388   405.952     20.2793   402.59
27.2343   388.873     28.5384   408.797     26.7269   390.581     28.7654   399.878     26.6492   386.497     22.0142   405.669     21.0581   393.805
28.015    404.769     29.3199   401.44      27.507    391.942     29.529    395.206     27.4371   386.759     22.7906   398.865     21.8384   397.86
28.7916   409.747     30.1009   388.786     28.2871   420.077     30.3086   395.813     28.217    406.872     23.5781   397.893     22.6287   404.295
29.567    412.767     30.8912   381.013     29.0696   407.156     31.0877   391.105     28.9952   402         24.3621   397.484     23.4081   395.898
30.3454   392.292     31.6743   388.012     29.8543   399.841     31.879    390.616     29.7747   391.688     25.1399   397.621     24.1893   388.336
31.1105   386.491     32.4537   389.225     30.6409   391.411     32.6534   383.543     30.5576   391.092     25.9162   388.284     24.9637   403.17
31.8856   389.478     33.2373   402.565     31.4266   394.67      33.4351   397.152     31.3428   381.612     26.6982   385.573     25.7556   388.926
32.6656   393.127     34.0171   383.644     32.2128   385.919     34.2115   394.538     32.1266   380.319     27.4763   391.778     26.5435   383.338
33.4512   393.332     34.8016   393.425     32.9955   388.876     34.9953   386.053     32.9106   392.284     28.2646   408.011     27.3262   386.914
34.2356   383.575     35.5799   386.585     33.7803   390.978     35.7775   382.99      33.6895   391.915     29.0503   409.063     28.1114   392.002
35.0219   397.967     36.3627   393.449     34.5638   385.897     36.5606   384.033     34.4726   390.971     29.8365   392.014     28.8698   385.031
35.8059   384.123     37.1514   389.565     35.3454   390.815     37.3065   390.822     35.2535   388.503     30.6187   390.078     29.6523   399.876
36.5929   393.303     37.9392   395.547     36.1279   392.87      38.0955   384.304     36.0384   388.089     31.3975   385.36      30.432    391.804
37.373    388.396     38.7258   382.166     36.9149   387.867     38.8812   386.474     36.8299   397.682     32.1785   393.112     31.2196   386.559
38.1578   387.406     39.5126   395.854     37.7028   388.13      39.6676   392.332     37.6132   383.666     32.9594   387.168     32.0017   385.043
38.9407   386.661     40.2993   385.07      38.4907   380.677     40.4552   384.819     38.3946   384.826     33.7441   381.817     32.7796   387.663
39.7233   401.929     41.0821   395.717     39.2732   391.708     41.2423   385.82      39.1847   385.31      34.5262   384.734     33.5615   388.932
40.5132   410.305     41.864    392.435     40.0574   399.314     42.0331   382.476     39.9681   386.1       35.3018   391.351     34.3246   395.268
41.2945   386.484     42.656    383.288     40.8396   390.985     42.8162   404.78      40.7495   383.693     36.0847   384.817     35.1052   388.208
42.0799   384.259     43.4348   395.685     41.6228   383.65      43.6033   396.955     41.542    385.919     36.8685   389.545     35.889    391.558
42.8588   394.321     44.2133   404.938     42.4018   389.875     44.3935   409.477     42.3276   395.595     37.6569   397.007     36.6749   396.531
43.6473   390.775     44.9912   386.798     43.1822   395.395     45.1825   382.778     43.1138   405.954     38.4411   389.349     37.4639   390.273
44.4267   398.119     45.7791   399.028     43.9636   396.877     45.9652   382.935     43.899    387.943     39.2292   393.819     38.2415   384.385
45.2093   384.974     46.566    385.358     44.7539   391.618     46.7572   387.819     44.6816   382.645     40.0112   386.901     39.0224   395.448
45.9923   378.971     47.3487   384.979     45.5364   387.641     47.5432   386.27      45.468    388.604     40.7912   390.454     39.8071   388.45
46.7775   386.084     48.1333   384.541     46.3178   392.751     48.3326   384.505     46.2514   398.375     41.578    389.234     40.5934   387.003
47.5666   385.248     48.9153   390.264     47.1027   385.171     49.1202   385.454     47.0311   390.499     42.3644   391.94      41.372    388.805
48.346    394.556     49.698    383.685     47.888    398.598     49.9092   389.119     47.8147   387.499     43.1399   394.897     42.158    387.239
49.1339   384.381     50.4865   390.993     48.6742   386.647     50.6971   383.173     48.6029   381.522     43.9239   384.979     42.9339   385.165
49.9183   381.543     51.2731   383.156     49.4619   384.928     51.4799   385.513     49.3844   384.401     44.7062   385.49      43.7212   393.261
50.7034   388.767     52.059    386.613     50.2537   396.349     52.2655   383.281     50.1723   384.302     45.4917   379.878     44.5052   387.153
51.4797   386.729     52.8423   380.617     51.0416   389.433     53.0586   382.274     50.9555   388.439     46.2801   388.628     45.289    381.73
52.2665   387.371     53.6254   382.72      51.8249   385.766     53.8453   385.518     51.7367   383.077     47.0694   386.01      46.0682   392.424
53.0533   384.271     54.4091   397.228     52.6021   382.537     54.6361   382.612     52.5165   384.671     47.8529   391.448     46.8419   383.02
53.8401   382.884     55.1886   381.952     53.3836   392.407     55.4213   386.965     53.3014   380.407     48.632    385.328     47.6223   387.219
54.6223   392.223     55.9742   382.889     54.1592   382.95      56.2012   384.934     54.0728   384.236     49.4205   390.844     48.3718   386.612
55.4087   386.898     56.7526   391.404     54.9405   388.049     56.9831   385.486     54.8597   386.072     50.2035   394.827     49.1534   385.869
56.1932   382.288     57.5313   385.802     55.7296   382.586     57.7703   394.706     55.6381   381.727     50.9883   382.248     49.9135   387.788
56.98     389.821     58.3186   384.63      56.5111   385.592     58.5587   386.733     56.42     388.974     51.7698   395.099     50.6945   383.976
57.7594   403.92      59.0992   391.164     57.2975   382.119     59.3409   384.025     57.2051   387.549     52.5541   385.405     51.4773   384.865
58.5437   384.088     59.8876   386.275     58.082    392.223     60.1287   390.464     57.9837   380.509     53.3362   383.522     52.2632   390.264
59.3312   385.883     60.6791   385.518     58.8719   385.506     60.916    381.293     58.7703   403.888     54.1116   398.2       53.0514   390.508
60.1123   386.351     61.4546   385.872     59.6493   385.962     61.6954   390.8       59.5573   380.679     54.8914   395.872     53.8393   382.644
60.8925   391.048     62.2342   387.341     60.4336   389.572     62.4827   396.717     60.3515   389.374     55.6767   383.286     54.6284   384.811
61.6734   381.073     63.0259   384.114     61.2153   392.875     63.2653   376.223     61.1336   380.586     56.4646   390.522     55.408    386.73
62.4546   391.248     63.819    388.143     62.0021   382.161     64.0472   380.304     61.9238   381.086     57.2496   389.661     56.1901   387.068
63.2453   380.606     64.6132   385.333     62.7847   380.621     64.8224   387.562     62.7077   386.214     58.0336   384.641     56.9763   388.837
64.0259   385.668     65.3959   382.053     63.5757   391.214     65.6056   387.613     63.4878   387.508     58.8127   384.39      57.7593   389.861
64.8204   383.38      66.1869   387.867     64.3596   383.792     66.3901   385.119     64.2561   388.525     59.5988   384.949     58.5534   381.282
65.6022   377.669     66.9771   381.718     65.1438   384.504     67.1742   379.114     65.0381   383.277     60.386    385.284     59.3342   384.543
66.3872   384.13      67.7638   378.8       65.9246   383.125     67.9664   389.632     65.8322   387.938     61.1682   385.451     60.1185   386.468
67.1816   380.341     68.5528   388.919     66.7102   391.422     68.7487   400.028     66.6125   385.866     61.9564   380.968     60.9066   392.371
67.9698   383.508     69.3368   400.276     67.491    379.146     69.5405   385.567     67.3946   399.144     62.74     383.191     61.6998   386.485
68.7504   382.161     70.1257   381.597     68.2821   390.46      70.3234   380.497     68.1754   385.88      63.5174   386.717     62.4843   395.846
69.5448   390.412     70.9104   386.619     69.0693   395.592     71.1093   384.709     68.9491   388.03      64.3005   389.249     63.2703   383.444
70.3352   383.204     71.695    385.053     69.8515   391.084     71.8898   390.523     69.7322   391.572     65.0851   382.223     64.0509   387.337
71.119    401.581     72.4768   382.077     70.6397   386.627     72.6821   386.913     70.5185   390.02      65.8647   388.512     64.8399   388.966
71.9088   403.316     73.2643   394.962     71.4281   398.823     73.4716   384.385     71.2983   377.428     66.6515   386.206     65.6258   385.263
72.7013   400.067     74.0478   380.449     72.2115   392.5       74.2613   394.374     72.086    384.055     67.4299   389.11      66.3816   382.412
73.4785   392.805     74.8323   389.773     73.006    397.367     75.0432   381.92      72.8698   399.497     68.2185   387.682     67.1776   395.505
74.2665   386.309     75.616    385.851     73.7941   389.388     75.8261   388.38      73.6564   388.633     68.9984   384.736     67.9644   385.276
75.0513   381.084     76.4046   388.76      74.5797   388.593     76.6124   382.195     74.4408   384.743     69.7884   391.86      68.7449   379.108
