# SYSTEM: Ni
# Method: l2t-MD

# NOTES:
# t: time
# ps: Picoseconds
# T_lat: The average lattice temperature of the simulation cell
# K: Kelvin
# Each two consecutive columns represents a result from a single simulation repeated with different Primary Knock-on Atom (PKA) directions

#t(ps)    T_lat(K)  t(ps)     T_lat(K)  t(ps)     T_lat(K)  t(ps)     T_lat(K)  t(ps)     T_lat(K)  t(ps)     T_lat(K)  t(ps)     T_lat(K)
0         408.3161  0         408.3163  0         408.3163  0         408.3162  0         408.3162  0         408.3163  0         408.3161
0.002481  407.8642  0.002481  407.9041  0.00248   407.9079  0.002505  407.9098  0.00248   407.8542  0.002483  407.8302  0.002482  407.8371
0.00497   404.6276  0.00506   407.3531  0.004983  407.4991  0.005053  401.8883  0.005001  400.0239  0.005019  407.333   0.004979  407.615
0.007875  401.1727  0.008013  405.0239  0.007569  405.1401  0.00791   405.063   0.008376  406.8005  0.007629  407.0201  0.007489  407.3164
0.0114    400.2896  0.01144   405.6835  0.010201  386.1723  0.010956  404.7655  0.011792  406.0623  0.01025   406.7992  0.010085  405.4752
0.015231  401.4049  0.016018  401.74    0.013289  405.5281  0.014059  405.7398  0.015289  403.2762  0.0129    406.1823  0.012789  405.3178
0.019435  402.3673  0.021446  398.7773  0.016459  403.9798  0.017379  399.4582  0.018904  390.9681  0.01557   404.6327  0.015546  402.3768
0.025305  399.9382  0.027375  399.0254  0.019668  399.4653  0.020932  397.5435  0.023244  398.5306  0.018246  404.5811  0.018316  402.8702
0.031957  397.6157  0.033739  394.3216  0.022935  402.6018  0.024802  398.1017  0.028163  399.4836  0.020939  403.8724  0.021096  404.0446
0.03915   391.704   0.040548  393.5449  0.026418  401.3129  0.029709  397.8652  0.033807  394.6098  0.023634  404.3116  0.023903  403.1509
0.047958  389.3276  0.048348  387.7911  0.030008  400.886   0.03501   396.7849  0.039976  393.7475  0.026354  403.2188  0.026884  401.5618
0.058754  385.2878  0.059022  385.0317  0.033997  397.8011  0.040513  392.6546  0.046963  392.5488  0.029079  402.3803  0.030067  400.4263
0.072208  377.3824  0.070884  378.3695  0.038332  390.7854  0.046789  391.3197  0.05409   385.9244  0.031867  402.5554  0.03327   399.6593
0.089061  369.293   0.08357   372.0782  0.043524  392.6592  0.054563  385.8113  0.061818  385.8396  0.034682  401.4496  0.036701  397.3153
0.117954  355.4072  0.098087  364.2138  0.050132  389.9217  0.06512   382.3014  0.070493  380.9343  0.037619  400.4609  0.04034   397.8696
0.163717  342.0724  0.124373  352.263   0.058235  385.5995  0.080397  373.946   0.079574  376.2176  0.040947  399.4558  0.044054  397.7491
0.269671  340.3485  0.183111  339.8133  0.067422  382.613   0.103797  361.7788  0.089129  371.61    0.044345  397.8238  0.047831  395.6211
0.45079   341.4604  0.332252  341.0082  0.078035  377.0111  0.134179  349.4736  0.099306  366.7644  0.04786   397.1456  0.05173   393.7312
0.664046  341.07    0.543133  340.9727  0.094736  369.3209  0.20658   338.4776  0.110234  361.0931  0.051437  396.0539  0.055687  391.3399
0.89136   340.1151  0.786326  340.2424  0.120944  356.6367  0.359313  340.5594  0.123384  354.867   0.055059  394.448   0.059746  391.1463
1.14257   339.5529  1.02291   339.8908  0.164403  343.5738  0.579278  340.4892  0.143632  347.2989  0.058743  390.1282  0.064281  387.9382
1.40084   339.4272  1.29514   339.8277  0.296443  340.2591  0.834979  340.0725  0.168899  341.6253  0.062618  391.1631  0.069177  386.0766
1.66632   340.0993  1.57382   340.2397  0.489351  340.5838  1.09178   340.0489  0.20909   338.2849  0.067338  389.5001  0.07419   384.245
1.92735   340.7483  1.85127   341.1262  0.709598  340.0111  1.3676    340.2671  0.324719  339.4765  0.072389  387.6614  0.079336  382.4408
2.1981    341.086   2.13561   341.516   0.950178  339.5718  1.65477   340.7337  0.546443  340.4372  0.077586  385.5653  0.084844  380.2221
2.48105   341.6595  2.4359    341.8342  1.20744   339.55    1.93964   341.5095  0.800056  340.3276  0.083261  383.9042  0.091966  373.6772
2.76494   341.6629  2.73589   342.0417  1.45912   340.0312  2.24404   341.8566  1.09819   340.224   0.089646  380.5909  0.100725  372.4271
3.06792   341.6676  3.04941   342.5339  1.71439   340.6548  2.55384   342.4636  1.40956   340.5922  0.09708   377.3158  0.111001  367.5032
3.36963   341.6793  3.36583   342.2406  1.98015   341.1626  2.87642   342.3972  1.72617   341.5005  0.109712  370.6054  0.121862  362.1467
3.67555   342.3298  3.69459   343.0009  2.27982   341.6129  3.21236   342.7213  2.04755   342.188   0.129971  360.7117  0.133152  357.1162
3.99103   342.504   4.03816   343.2614  2.58785   341.9386  3.5659    342.975   2.37996   342.3756  0.165709  347.4255  0.145334  351.9644
4.31785   343.0487  4.38589   343.6368  2.89528   342.4429  3.92602   344.041   2.7225    342.8315  0.261853  337.5076  0.160764  347.3544
4.63943   343.2183  4.74263   343.6435  3.23617   342.8041  4.28805   343.9598  3.07365   342.8907  0.480714  339.082   0.180466  342.6293
4.97198   343.0851  5.10672   343.4221  3.58217   342.7422  4.66042   344.44    3.43765   342.8657  0.740527  339.0928  0.215359  338.737
5.32374   342.7049  5.47909   343.2463  3.93413   343.7054  5.04996   344.1837  3.80889   343.8514  1.0275    339.7628  0.325863  338.6022
5.67477   341.9431  5.86006   342.8609  4.28617   343.7597  5.45018   343.8473  4.20029   344.0575  1.3103    340.7283  0.582366  339.3252
6.04351   341.9251  6.25914   343.357   4.66735   344.0838  5.86418   343.2493  4.5921    344.1056  1.60115   341.4151  0.875533  339.4102
6.41994   343.352   6.66065   344.6369  5.07109   343.8047  6.28632   344.1779  4.995     344.0123  1.92034   342.0888  1.19231   340.3461
6.80483   343.7344  7.07269   342.9926  5.47783   343.71    6.72587   344.709   5.3999    343.9103  2.24582   342.5122  1.52875   341.4677
7.20262   341.6167  7.48196   342.7666  5.89729   343.219   7.17297   342.9083  5.82544   343.4517  2.59878   343.193   1.87291   342.245
7.61356   342.459   7.93233   343.8229  6.34013   344.2586  7.6465    343.5984  6.25406   343.9348  2.96354   343.585   2.2335    342.8331
8.04959   343.0878  8.38663   342.3819  6.7956    344.6961  8.13728   343.486   6.6987    344.7516  3.33851   343.8852  2.60488   343.4353
8.48544   341.4167  8.84549   341.7548  7.2515    342.6772  8.66231   342.2636  7.13007   343.0263  3.73941   344.2263  2.98633   343.9652
8.95116   341.1282  9.33022   342.0528  7.73123   343.8003  9.22629   341.8902  7.62096   343.3247  4.14302   344.1795  3.39062   343.8227
9.41481   341.264   9.86256   342.8564  8.23039   343.0627  9.85341   342.7848  8.14957   342.9956  4.54326   344.6069  3.8063    344.5977
9.90708   342.2373  10.4495   342.2531  8.77513   341.9642  10.5042   341.9649  8.69638   341.7276  4.97045   344.2205  4.2167    344.5888
10.4283   341.8916  11.0644   341.6873  9.38907   341.7324  11.1732   341.5849  9.2937    341.7282  5.40525   344.1826  4.64507   344.7772
10.9623   341.2495  11.726    340.8258  10.0261   342.8731  11.8691   340.926   9.93837   342.5107  5.87637   343.4715  5.1097    344.1917
11.5376   340.6401  12.4036   340.858   10.7063   341.5307  12.5734   340.7544  10.6169   341.3382  6.41204   344.1416  5.62773   343.9302
12.1181   340.6803  13.1207   340.059   11.3921   341.4259  13.3001   340.552   11.3169   341.1045  7.00966   343.1525  6.21199   343.4538
12.7534   339.8819  13.8554   340.605   12.0976   341.0891  14.0191   340.2783  12.0292   340.7445  7.64797   343.0673  6.81996   343.8811
13.4549   340.298   14.5963   338.3099  12.8222   339.9952  14.7695   339.1645  12.7485   340.0266  8.33099   341.989   7.46365   342.4955
14.1757   339.1691  15.3394   339.8101  13.5757   340.7586  15.5325   339.2019  13.4964   340.388   9.03211   341.5435  8.1423    342.4138
14.8932   338.9418  16.1      339.3886  14.3282   338.6861  16.2974   339.1325  14.2488   338.8344  9.75195   341.7252  8.84067   341.4748
15.6359   338.6762  16.8632   338.5992  15.0828   339.7674  17.0712   339.0186  15.0005   339.4289  10.4838   341.4105  9.56576   341.1968
16.403    338.7138  17.6307   337.5883  15.8548   339.2306  17.8316   337.8544  15.7667   338.9679  11.2234   341.0296  10.2955   341.1744
17.1697   338.8429  18.4028   338.1625  16.6221   338.3756  18.6071   338.4864  16.5355   338.0572  11.977    340.7756  11.0374   340.8164
17.9196   337.4314  19.174    337.815   17.3845   338.4914  19.3858   338.2763  17.3107   338.6508  12.7301   339.942   11.7846   340.31
18.6904   338.0829  19.9479   336.5661  18.1579   338.378   20.1612   336.7139  18.0809   337.9686  13.4956   340.2534  12.5373   340.3103
19.4489   338.216   20.7297   337.2191  18.9337   338.2204  20.9349   337.6894  18.8541   337.9934  14.2619   338.9311  13.3047   339.9024
20.226    336.0556  21.5041   336.7042  19.7139   337.6537  21.72     336.5147  19.6319   337.5373  15.0344   339.2586  14.0662   339.4016
21.0048   337.4902  22.2866   337.2525  20.4947   337.3585  22.5073   337.0351  20.4159   336.8779  15.8079   338.902   14.8381   339.1209
21.7767   336.1763  23.0644   336.456   21.2735   337.6038  23.2902   336.4711  21.1898   337.1901  16.5804   338.192   15.614    338.7803
22.5568   336.7673  23.8429   335.6648  22.0496   337.3078  24.0769   336.4733  21.9686   336.7172  17.3561   338.7066  16.392    338.5064
23.3364   336.1205  24.6256   336.7093  22.8261   336.8696  24.8638   336.4715  22.7451   336.4615  18.1305   338.1319  17.1722   338.5612
24.1162   336.1021  25.4077   336.1165  23.5992   335.7558  25.6433   336.0294  23.5227   335.6303  18.9059   338.3082  17.9527   337.8072
24.8896   336.0319  26.1915   335.0394  24.3785   336.8532  26.4294   336.0229  24.3048   336.6226  19.6845   337.7607  18.7311   337.8025
25.6694   335.9606  26.9728   335.0179  25.1658   335.798   27.2122   335.01    25.0903   335.5326  20.4662   337.768   19.5031   337.9101
26.4476   335.4531  27.7606   336.0397  25.9432   335.3952  27.9896   336.0827  25.8677   335.5307  21.2388   337.24    20.2793   336.8641
27.2343   334.6202  28.5384   334.9252  26.7269   335.9894  28.7654   334.9383  26.6492   335.8017  22.0142   337.3157  21.0581   337.2007
28.015    335.9682  29.3199   334.3243  27.507    335.861   29.529    334.9248  27.4371   335.2496  22.7906   336.961   21.8384   336.8323
28.7916   334.5944  30.1009   335.3022  28.2871   335.7194  30.3086   335.5324  28.217    335.897   23.5781   336.3199  22.6287   336.4653
29.567    334.4837  30.8912   334.5497  29.0696   334.9675  31.0877   334.8288  28.9952   334.7415  24.3621   336.9742  23.4081   336.2191
30.3454   335.2797  31.6743   335.232   29.8543   335.577   31.879    334.6523  29.7747   335.1745  25.1399   336.1628  24.1893   336.5906
31.1105   334.1217  32.4537   333.9613  30.6409   335.2475  32.6534   334.5382  30.5576   335.2453  25.9162   335.8543  24.9637   336.0189
31.8856   334.5     33.2373   334.5415  31.4266   335.3424  33.4351   334.8938  31.3428   334.6614  26.6982   336.3807  25.7556   335.8078
32.6656   334.2242  34.0171   334.376   32.2128   334.3827  34.2115   333.8345  32.1266   333.8312  27.4763   335.9146  26.5435   336.125
33.4512   334.5346  34.8016   334.2891  32.9955   334.7012  34.9953   334.6372  32.9106   334.699   28.2646   336.0836  27.3262   335.3251
34.2356   333.6524  35.5799   333.8882  33.7803   335.446   35.7775   334.1696  33.6895   334.8558  29.0503   335.5165  28.1114   335.8506
35.0219   334.2332  36.3627   333.9913  34.5638   333.8464  36.5606   334.132   34.4726   333.5816  29.8365   335.9647  28.8698   335.2157
35.8059   333.9079  37.1514   334.257   35.3454   334.2767  37.3065   334.4898  35.2535   334.1476  30.6187   335.6578  29.6523   335.2633
36.5929   333.7715  37.9392   332.9712  36.1279   334.5102  38.0955   333.5018  36.0384   334.1661  31.3975   335.3482  30.432    335.5831
37.373    334.0342  38.7258   334.0553  36.9149   334.4943  38.8812   334.6017  36.8299   333.9447  32.1785   334.6841  31.2196   334.8281
38.1578   332.5494  39.5126   333.811   37.7028   334.0429  39.6676   333.8147  37.6132   333.9285  32.9594   335.0598  32.0017   334.4628
38.9407   334.2659  40.2993   333.4462  38.4907   333.8085  40.4552   333.5909  38.3946   333.406   33.7441   335.7808  32.7796   334.7754
39.7233   333.4814  41.0821   333.4446  39.2732   334.1786  41.2423   333.5689  39.1847   333.8166  34.5262   334.4405  33.5615   334.9771
40.5132   333.1773  41.864    333.2227  40.0574   333.7509  42.0331   334.2117  39.9681   333.4126  35.3018   334.575   34.3246   333.9251
41.2945   333.2731  42.656    333.2104  40.8396   333.9855  42.8162   333.4968  40.7495   333.3918  36.0847   334.6838  35.1052   334.8061
42.0799   333.7424  43.4348   332.8937  41.6228   333.0787  43.6033   332.903   41.542    332.9897  36.8685   334.7694  35.889    334.5417
42.8588   333.1298  44.2133   333.0267  42.4018   333.9947  44.3935   333.7196  42.3276   333.8759  37.6569   334.5578  36.6749   334.1722
43.6473   332.5888  44.9912   333.1293  43.1822   333.6245  45.1825   333.2376  43.1138   333.5321  38.4411   334.1869  37.4639   334.1483
44.4267   333.4879  45.7791   333.3206  43.9636   333.0494  45.9652   333.5343  43.899    332.7593  39.2292   334.7002  38.2415   333.7149
45.2093   332.8556  46.566    333.244   44.7539   333.8788  46.7572   332.5596  44.6816   333.8004  40.0112   334.2288  39.0224   334.3607
45.9923   333.3215  47.3487   332.584   45.5364   333.4454  47.5432   333.2328  45.468    333.0941  40.7912   334.4228  39.8071   334.0885
46.7775   332.2122  48.1333   333.8381  46.3178   333.5192  48.3326   333.5208  46.2514   333.3596  41.578    333.6105  40.5934   333.9169
47.5666   332.9122  48.9153   332.2096  47.1027   332.8315  49.1202   333.2639  47.0311   332.4348  42.3644   334.4935  41.372    333.4206
48.346    333.3866  49.698    332.4765  47.888    333.937   49.9092   332.6971  47.8147   333.343   43.1399   334.2661  42.158    334.5048
49.1339   332.6399  50.4865   333.1694  48.6742   332.6529  50.6971   333.305   48.6029   332.7894  43.9239   333.775   42.9339   333.8875
49.9183   332.3563  51.2731   332.6981  49.4619   333.4088  51.4799   333.7539  49.3844   332.861   44.7062   334.4714  43.7212   333.1922
50.7034   332.8977  52.059    332.6231  50.2537   333.334   52.2655   332.5627  50.1723   333.0458  45.4917   333.8431  44.5052   334.027
51.4797   332.932   52.8423   332.1346  51.0416   332.7335  53.0586   333.0113  50.9555   332.6065  46.2801   334.0854  45.289    333.4986
52.2665   332.2028  53.6254   333.0901  51.8249   333.4241  53.8453   333.0629  51.7367   333.0824  47.0694   333.3599  46.0682   333.6041
53.0533   332.5929  54.4091   332.3736  52.6021   332.349   54.6361   332.8173  52.5165   332.307   47.8529   334.3622  46.8419   333.0092
53.8401   332.828   55.1886   332.8878  53.3836   333.4885  55.4213   332.9509  53.3014   332.8791  48.632    333.2452  47.6223   333.5836
54.6223   332.3956  55.9742   331.9039  54.1592   332.9186  56.2012   332.8698  54.0728   332.5926  49.4205   333.981   48.3718   333.558
55.4087   332.7657  56.7526   332.7151  54.9405   333.2419  56.9831   333.1085  54.8597   333.0009  50.2035   333.6744  49.1534   333.5777
56.1932   332.1148  57.5313   332.8289  55.7296   332.3443  57.7703   332.7752  55.6381   332.2381  50.9883   333.4178  49.9135   333.1616
56.98     332.5215  58.3186   331.457   56.5111   333.3626  58.5587   332.5653  56.42     332.6629  51.7698   333.7288  50.6945   333.2528
57.7594   332.7369  59.0992   332.7601  57.2975   333.0785  59.3409   332.7434  57.2051   332.9685  52.5541   333.3677  51.4773   333.9382
58.5437   331.7539  59.8876   332.5525  58.082    332.05    60.1287   332.6625  57.9837   332.1562  53.3362   333.849   52.2632   332.9878
59.3312   332.641   60.6791   332.48    58.8719   333.1765  60.916    332.7929  58.7703   332.8822  54.1116   333.5229  53.0514   333.1208
60.1123   332.4136  61.4546   331.4031  59.6493   332.733   61.6954   331.9971  59.5573   332.4595  54.8914   333.7052  53.8393   333.5255
60.8925   332.2592  62.2342   333.0019  60.4336   332.882   62.4827   333.0989  60.3515   332.4637  55.6767   333.2668  54.6284   333.2101
61.6734   331.5316  63.0259   332.3416  61.2153   332.1726  63.2653   332.4738  61.1336   332.3766  56.4646   333.6546  55.408    333.0975
62.4546   332.9562  63.819    332.2193  62.0021   333.1261  64.0472   332.325   61.9238   332.5166  57.2496   333.612   56.1901   333.1467
63.2453   332.1841  64.6132   332.522   62.7847   332.6744  64.8224   332.678   62.7077   332.5182  58.0336   332.8998  56.9763   333.2975
64.0259   332.0766  65.3959   331.788   63.5757   332.7279  65.6056   332.4427  63.4878   332.3124  58.8127   333.6597  57.7593   332.9881
64.8204   332.9038  66.1869   332.8028  64.3596   332.3967  66.3901   332.7096  64.2561   331.9825  59.5988   333.5943  58.5534   333.0447
65.6022   331.9255  66.9771   331.8207  65.1438   332.5668  67.1742   332.0709  65.0381   332.402   60.386    333.4861  59.3342   332.818
66.3872   332.6452  67.7638   332.378   65.9246   333.2011  67.9664   333.1985  65.8322   332.7274  61.1682   333.2561  60.1185   333.0102
67.1816   331.587   68.5528   331.8733  66.7102   332.3031  68.7487   332.0502  66.6125   332.2984  61.9564   333.5667  60.9066   333.1993
67.9698   332.6439  69.3368   332.5358  67.491    332.2475  69.5405   332.6099  67.3946   331.984   62.74     333.4369  61.6998   332.6349
68.7504   331.5972  70.1257   331.655   68.2821   333.1342  70.3234   332.1833  68.1754   332.8114  63.5174   333.1481  62.4843   333.1731
69.5448   332.3771  70.9104   332.1741  69.0693   332.7188  71.1093   332.5537  68.9491   332.1989  64.3005   333.1715  63.2703   332.7676
70.3352   331.6816  71.695    332.5563  69.8515   332.2745  71.8898   332.8678  69.7322   331.9234  65.0851   333.0651  64.0509   332.6839
71.119    332.0681  72.4768   331.6485  70.6397   332.482   72.6821   331.9856  70.5185   332.2625  65.8647   333.455   64.8399   333.1663
71.9088   332.7324  73.2643   332.2932  71.4281   333.0443  73.4716   332.3563  71.2983   332.5983  66.6515   333.1538  65.6258   332.9145
72.7013   331.3811  74.0478   332.0836  72.2115   332.5379  74.2613   332.4691  72.086    332.2638  67.4299   333.1607  66.3816   332.9326
73.4785   332.3145  74.8323   332.3205  73.006    332.4326  75.0432   332.6312  72.8698   331.859   68.2185   333.8029  67.1776   332.6824
74.2665   331.9189  75.616    331.7497  73.7941   332.5089  75.8261   331.6002  73.6564   332.3016  68.9984   333.3401  67.9644   333.2376
75.0513   332.5187  76.4046   332.1075  74.5797   332.4501  76.6124   332.6491  74.4408   332.0535  69.7884   333.1796  68.7449   332.4057
