# SYSTEM: Ni
# Method: l2t-MD

# NOTES:
# t: time
# ps: Picoseconds
# N_FP: Number of defected atoms
# Each two consecutive columns represents a result from a single simulation repeated with different Primary Knock-on Atom (PKA) directions

#t(ps)    N_def  t(ps)     N_def  t(ps)     N_def  t(ps)     N_def  t(ps)     N_def  t(ps)     N_def  t(ps)     N_def
0         0      0         0      0         0      0         0      0         0      0         0      0         0
0.002481  19     0.002481  21     0.00248   19     0.002505  32     0.00248   19     0.002483  20     0.002482  19
0.00497   26     0.00506   35     0.004983  23     0.005053  38     0.005001  19     0.005019  30     0.004979  20
0.007875  59     0.008013  90     0.007569  60     0.00791   89     0.008376  66     0.007629  50     0.007489  56
0.0114    135    0.01144   133    0.010201  89     0.010956  130    0.011792  131    0.01025   80     0.010085  86
0.015231  223    0.016018  235    0.013289  145    0.014059  205    0.015289  189    0.0129    109    0.012789  138
0.019435  352    0.021446  449    0.016459  213    0.017379  285    0.018904  281    0.01557   149    0.015546  167
0.025305  608    0.027375  760    0.019668  277    0.020932  411    0.023244  470    0.018246  179    0.018316  211
0.031957  1041   0.033739  1219   0.022935  425    0.024802  595    0.028163  692    0.020939  232    0.021096  281
0.03915   1693   0.040548  1800   0.026418  542    0.029709  879    0.033807  1037   0.023634  298    0.023903  347
0.047958  2696   0.048348  2694   0.030008  690    0.03501   1280   0.039976  1530   0.026354  372    0.026884  452
0.058754  4318   0.059022  4225   0.033997  948    0.040513  1739   0.046963  2277   0.029079  430    0.030067  570
0.072208  6764   0.070884  6444   0.038332  1214   0.046789  2424   0.05409   3155   0.031867  556    0.03327   702
0.089061  10341  0.08357   9178   0.043524  1668   0.054563  3468   0.061818  4382   0.034682  651    0.036701  880
0.117954  16990  0.098087  12509  0.050132  2314   0.06512   5078   0.070493  5916   0.037619  777    0.04034   1122
0.163717  26408  0.124373  18585  0.058235  3293   0.080397  8075   0.079574  7853   0.040947  937    0.044054  1343
0.269671  35534  0.183111  30392  0.067422  4640   0.103797  13563  0.089129  10110  0.044345  1120   0.047831  1652
0.45079   32922  0.332252  35427  0.078035  6466   0.134179  20858  0.099306  12533  0.04786   1324   0.05173   1958
0.664046  32532  0.543133  33595  0.094736  9868   0.20658   33876  0.110234  15380  0.051437  1588   0.055687  2320
0.89136   31954  0.786326  32723  0.120944  15502  0.359313  36218  0.123384  18713  0.055059  1870   0.059746  2829
1.14257   31512  1.02291   31420  0.164403  24423  0.579278  34476  0.143632  23881  0.058743  2160   0.064281  3364
1.40084   30097  1.29514   30012  0.296443  34845  0.834979  33155  0.168899  29591  0.062618  2500   0.069177  4055
1.66632   28464  1.57382   28315  0.489351  33179  1.09178   31282  0.20909   36628  0.067338  3006   0.07419   4815
1.92735   27024  1.85127   26393  0.709598  32359  1.3676    29595  0.324719  40037  0.072389  3562   0.079336  5600
2.1981    25333  2.13561   24436  0.950178  31544  1.65477   27715  0.546443  36406  0.077586  4267   0.084844  6591
2.48105   23591  2.4359    22689  1.20744   30166  1.93964   25280  0.800056  34155  0.083261  5101   0.091966  7953
2.76494   22200  2.73589   21308  1.45912   28588  2.24404   23541  1.09819   31289  0.089646  6167   0.100725  9826
3.06792   21058  3.04941   19618  1.71439   26628  2.55384   21887  1.40956   28295  0.09708   7490   0.111001  12118
3.36963   19622  3.36583   18255  1.98015   24919  2.87642   19707  1.72617   25845  0.109712  10055  0.121862  14726
3.67555   18615  3.69459   16841  2.27982   23112  3.21236   17938  2.04755   22947  0.129971  14784  0.133152  17479
3.99103   17614  4.03816   15139  2.58785   21427  3.5659    15915  2.37996   20926  0.165709  23619  0.145334  20621
4.31785   16418  4.38589   13844  2.89528   19625  3.92602   14165  2.7225    19064  0.261853  37911  0.160764  24444
4.63943   15180  4.74263   12393  3.23617   17997  4.28805   12648  3.07365   17148  0.480714  35409  0.180466  28941
4.97198   14150  5.10672   10973  3.58217   16167  4.66042   10836  3.43765   15193  0.740527  32628  0.215359  35330
5.32374   13216  5.47909   10035  3.93413   14500  5.04996   9355   3.80889   13419  1.0275    29587  0.325863  40144
5.67477   12377  5.86006   8805   4.28617   13028  5.45018   8122   4.20029   11742  1.3103    26019  0.582366  35548
6.04351   11448  6.25914   7795   4.66735   11420  5.86418   6918   4.5921    10193  1.60115   22934  0.875533  32393
6.41994   10335  6.66065   6642   5.07109   9552   6.28632   6055   4.995     8468   1.92034   19946  1.19231   28314
6.80483   9363   7.07269   5723   5.47783   8051   6.72587   5020   5.3999    7387   2.24582   17143  1.52875   24553
7.20262   8457   7.48196   4957   5.89729   6606   7.17297   4167   5.82544   6081   2.59878   14461  1.87291   21478
7.61356   7814   7.93233   4244   6.34013   5558   7.6465    3491   6.25406   5117   2.96354   11662  2.2335    17999
8.04959   6872   8.38663   3717   6.7956    4530   8.13728   2917   6.6987    3852   3.33851   9721   2.60488   14893
8.48544   6033   8.84549   3110   7.2515    3836   8.66231   2646   7.13007   3363   3.73941   7952   2.98633   12160
8.95116   5520   9.33022   2755   7.73123   3297   9.22629   2513   7.62096   2908   4.14302   6287   3.39062   9696
9.41481   5038   9.86256   2514   8.23039   2843   9.85341   2378   8.14957   2766   4.54326   4990   3.8063    7575
9.90708   4570   10.4495   2414   8.77513   2451   10.5042   2329   8.69638   2612   4.97045   3668   4.2167    5628
10.4283   4136   11.0644   2437   9.38907   2399   11.1732   2286   9.2937    2539   5.40525   2976   4.64507   4334
10.9623   3905   11.726    2358   10.0261   2274   11.8691   2272   9.93837   2475   5.87637   2642   5.1097    3662
11.5376   3700   12.4036   2314   10.7063   2242   12.5734   2238   10.6169   2459   6.41204   2484   5.62773   3353
12.1181   3686   13.1207   2355   11.3921   2103   13.3001   2166   11.3169   2422   7.00966   2335   6.21199   3224
12.7534   3609   13.8554   2304   12.0976   2121   14.0191   2153   12.0292   2382   7.64797   2394   6.81996   3157
13.4549   3556   14.5963   2297   12.8222   2133   14.7695   2144   12.7485   2395   8.33099   2306   7.46365   3117
14.1757   3492   15.3394   2294   13.5757   2115   15.5325   2172   13.4964   2405   9.03211   2290   8.1423    3073
14.8932   3541   16.1      2239   14.3282   2114   16.2974   2132   14.2488   2324   9.75195   2288   8.84067   3081
15.6359   3515   16.8632   2265   15.0828   2146   17.0712   2131   15.0005   2361   10.4838   2297   9.56576   3089
16.403    3569   17.6307   2288   15.8548   2104   17.8316   2124   15.7667   2381   11.2234   2322   10.2955   3048
17.1697   3514   18.4028   2255   16.6221   2096   18.6071   2157   16.5355   2382   11.977    2295   11.0374   3039
17.9196   3412   19.174    2261   17.3845   2111   19.3858   2158   17.3107   2354   12.7301   2279   11.7846   3033
18.6904   3364   19.9479   2273   18.1579   2094   20.1612   2123   18.0809   2351   13.4956   2259   12.5373   3020
19.4489   3378   20.7297   2273   18.9337   2088   20.9349   2157   18.8541   2358   14.2619   2233   13.3047   3056
20.226    3388   21.5041   2268   19.7139   2147   21.72     2142   19.6319   2359   15.0344   2238   14.0662   2993
21.0048   3401   22.2866   2241   20.4947   2071   22.5073   2116   20.4159   2359   15.8079   2253   14.8381   3027
21.7767   3398   23.0644   2252   21.2735   2090   23.2902   2155   21.1898   2360   16.5804   2252   15.614    3006
22.5568   3428   23.8429   2265   22.0496   2114   24.0769   2136   21.9686   2349   17.3561   2279   16.392    3027
23.3364   3386   24.6256   2244   22.8261   2119   24.8638   2138   22.7451   2389   18.1305   2251   17.1722   3021
24.1162   3413   25.4077   2287   23.5992   2166   25.6433   2144   23.5227   2357   18.9059   2247   17.9527   3024
24.8896   3380   26.1915   2258   24.3785   2057   26.4294   2129   24.3048   2328   19.6845   2259   18.7311   2988
25.6694   3383   26.9728   2233   25.1658   2094   27.2122   2139   25.0903   2371   20.4662   2256   19.5031   3008
26.4476   3361   27.7606   2251   25.9432   2111   27.9896   2120   25.8677   2379   21.2388   2237   20.2793   2994
27.2343   3396   28.5384   2262   26.7269   2099   28.7654   2145   26.6492   2371   22.0142   2247   21.0581   3000
28.015    3363   29.3199   2233   27.507    2083   29.529    2110   27.4371   2390   22.7906   2275   21.8384   3014
28.7916   3378   30.1009   2270   28.2871   2067   30.3086   2126   28.217    2383   23.5781   2250   22.6287   2985
29.567    3405   30.8912   2238   29.0696   2096   31.0877   2130   28.9952   2365   24.3621   2242   23.4081   2965
30.3454   3376   31.6743   2246   29.8543   2088   31.879    2105   29.7747   2346   25.1399   2226   24.1893   3013
31.1105   3347   32.4537   2282   30.6409   2101   32.6534   2126   30.5576   2371   25.9162   2227   24.9637   2980
31.8856   3465   33.2373   2265   31.4266   2089   33.4351   2135   31.3428   2346   26.6982   2231   25.7556   2979
32.6656   3478   34.0171   2251   32.2128   2118   34.2115   2132   32.1266   2366   27.4763   2241   26.5435   2981
33.4512   3380   34.8016   2279   32.9955   2091   34.9953   2159   32.9106   2388   28.2646   2243   27.3262   3004
34.2356   3397   35.5799   2272   33.7803   2075   35.7775   2132   33.6895   2380   29.0503   2233   28.1114   3046
35.0219   3402   36.3627   2244   34.5638   2093   36.5606   2108   34.4726   2390   29.8365   2227   28.8698   2988
35.8059   3372   37.1514   2234   35.3454   2099   37.3065   2102   35.2535   2368   30.6187   2241   29.6523   2951
36.5929   3405   37.9392   2265   36.1279   2107   38.0955   2111   36.0384   2355   31.3975   2235   30.432    3009
37.373    3411   38.7258   2277   36.9149   2093   38.8812   2112   36.8299   2384   32.1785   2252   31.2196   2984
38.1578   3393   39.5126   2260   37.7028   2072   39.6676   2106   37.6132   2360   32.9594   2215   32.0017   3005
38.9407   3395   40.2993   2279   38.4907   2079   40.4552   2118   38.3946   2377   33.7441   2218   32.7796   3007
39.7233   3397   41.0821   2228   39.2732   2120   41.2423   2078   39.1847   2368   34.5262   2228   33.5615   2968
40.5132   3388   41.864    2251   40.0574   2089   42.0331   2105   39.9681   2352   35.3018   2237   34.3246   2956
41.2945   3416   42.656    2235   40.8396   2124   42.8162   2091   40.7495   2363   36.0847   2225   35.1052   2984
42.0799   3380   43.4348   2241   41.6228   2087   43.6033   2110   41.542    2369   36.8685   2237   35.889    2958
42.8588   3408   44.2133   2275   42.4018   2086   44.3935   2096   42.3276   2362   37.6569   2258   36.6749   2959
43.6473   3378   44.9912   2253   43.1822   2073   45.1825   2101   43.1138   2360   38.4411   2243   37.4639   2976
44.4267   3409   45.7791   2274   43.9636   2090   45.9652   2101   43.899    2376   39.2292   2260   38.2415   2962
45.2093   3338   46.566    2269   44.7539   2049   46.7572   2093   44.6816   2360   40.0112   2238   39.0224   2977
45.9923   3375   47.3487   2270   45.5364   2078   47.5432   2109   45.468    2388   40.7912   2219   39.8071   2950
46.7775   3344   48.1333   2258   46.3178   2116   48.3326   2103   46.2514   2403   41.578    2233   40.5934   2995
47.5666   3353   48.9153   2243   47.1027   2072   49.1202   2096   47.0311   2384   42.3644   2241   41.372    2957
48.346    3402   49.698    2229   47.888    2110   49.9092   2102   47.8147   2386   43.1399   2212   42.158    2981
49.1339   3385   50.4865   2269   48.6742   2085   50.6971   2111   48.6029   2347   43.9239   2241   42.9339   2979
49.9183   3365   51.2731   2293   49.4619   2066   51.4799   2087   49.3844   2364   44.7062   2249   43.7212   2983
50.7034   3372   52.059    2263   50.2537   2099   52.2655   2091   50.1723   2328   45.4917   2235   44.5052   2959
51.4797   3371   52.8423   2240   51.0416   2084   53.0586   2092   50.9555   2369   46.2801   2238   45.289    2969
52.2665   3352   53.6254   2271   51.8249   2074   53.8453   2121   51.7367   2345   47.0694   2224   46.0682   2955
53.0533   3360   54.4091   2268   52.6021   2096   54.6361   2098   52.5165   2322   47.8529   2231   46.8419   2936
53.8401   3377   55.1886   2269   53.3836   2088   55.4213   2089   53.3014   2335   48.632    2224   47.6223   2916
54.6223   3372   55.9742   2255   54.1592   2066   56.2012   2097   54.0728   2347   49.4205   2257   48.3718   2894
55.4087   3378   56.7526   2256   54.9405   2093   56.9831   2097   54.8597   2337   50.2035   2225   49.1534   2871
56.1932   3393   57.5313   2252   55.7296   2101   57.7703   2090   55.6381   2309   50.9883   2222   49.9135   2865
56.98     3374   58.3186   2280   56.5111   2097   58.5587   2105   56.42     2348   51.7698   2211   50.6945   2896
57.7594   3363   59.0992   2247   57.2975   2069   59.3409   2101   57.2051   2334   52.5541   2229   51.4773   2875
58.5437   3371   59.8876   2237   58.082    2104   60.1287   2115   57.9837   2351   53.3362   2235   52.2632   2871
59.3312   3346   60.6791   2283   58.8719   2101   60.916    2104   58.7703   2306   54.1116   2243   53.0514   2890
60.1123   3365   61.4546   2243   59.6493   2077   61.6954   2099   59.5573   2327   54.8914   2231   53.8393   2874
60.8925   3382   62.2342   2237   60.4336   2051   62.4827   2084   60.3515   2325   55.6767   2230   54.6284   2869
61.6734   3370   63.0259   2315   61.2153   2119   63.2653   2091   61.1336   2362   56.4646   2219   55.408    2864
62.4546   3341   63.819    2223   62.0021   2094   64.0472   2066   61.9238   2326   57.2496   2235   56.1901   2898
63.2453   3382   64.6132   2231   62.7847   2074   64.8224   2065   62.7077   2339   58.0336   2231   56.9763   2839
64.0259   3363   65.3959   2277   63.5757   2099   65.6056   2053   63.4878   2324   58.8127   2213   57.7593   2859
64.8204   3355   66.1869   2263   64.3596   2090   66.3901   2063   64.2561   2321   59.5988   2226   58.5534   2855
65.6022   3373   66.9771   2271   65.1438   2082   67.1742   2080   65.0381   2298   60.386    2242   59.3342   2866
66.3872   3381   67.7638   2251   65.9246   2108   67.9664   2068   65.8322   2310   61.1682   2234   60.1185   2856
67.1816   3328   68.5528   2256   66.7102   2076   68.7487   2066   66.6125   2324   61.9564   2231   60.9066   2842
67.9698   3372   69.3368   2260   67.491    2087   69.5405   2060   67.3946   2343   62.74     2221   61.6998   2899
68.7504   3329   70.1257   2256   68.2821   2078   70.3234   2071   68.1754   2343   63.5174   2225   62.4843   2852
69.5448   3360   70.9104   2264   69.0693   2114   71.1093   2091   68.9491   2327   64.3005   2228   63.2703   2859
70.3352   3345   71.695    2279   69.8515   2085   71.8898   2069   69.7322   2320   65.0851   2246   64.0509   2880
71.119    3364   72.4768   2243   70.6397   2104   72.6821   2061   70.5185   2343   65.8647   2236   64.8399   2841
71.9088   3365   73.2643   2228   71.4281   2107   73.4716   2067   71.2983   2330   66.6515   2239   65.6258   2863
72.7013   3368   74.0478   2253   72.2115   2088   74.2613   2066   72.086    2337   67.4299   2248   66.3816   2865
73.4785   3343   74.8323   2237   73.006    2090   75.0432   2076   72.8698   2360   68.2185   2280   67.1776   2838
74.2665   3368   75.616    2242   73.7941   2072   75.8261   2056   73.6564   2311   68.9984   2254   67.9644   2869
75.0513   3380   76.4046   2257   74.5797   2097   76.6124   2097   74.4408   2318   69.7884   2233   68.7449   2868
