# SYSTEM: Ni
# Method: Classical MD

# NOTES:
# t: time
# ps: Picoseconds
# N_FP: Number of defected atoms
# Each two consecutive columns represents a result from a single simulation repeated with different Primary Knock-on Atom (PKA) directions

#t(ps)             N_def  t(ps)              N_def  t(ps)              N_def  t(ps)              N_def  t(ps)              N_def  t(ps)              N_def  t(ps)              N_def  t(ps)              N_def  t(ps)              N_def
0                  0      0                  0      0                  0      0                  0      0                  0      0                  0      0                  0      0                  0      0                  0
0.002479000000001  21     0.002842000000001  36     0.002478           19     0.002503000000001  32     0.002482000000001  20     0.002478           19     0.002478           19     0.002481           20     0.002479000000001  19
0.005051999999999  35     0.005908999999999  50     0.004975999999999  21     0.005046           37     0.004992000000001  41     0.004992999999999  19     0.004964000000001  20     0.005011           30     0.004963           26
0.008049           89     0.00948            109    0.007556000000001  60     0.007932           90     0.007532999999999  60     0.008341000000001  67     0.007911           64     0.007608000000001  50     0.007849           59
0.011685           125    0.013916999999999  218    0.010186999999998  89     0.010919000000001  108    0.010079999999999  77     0.011738000000001  129    0.012134           127    0.010211000000002  79     0.011330000000001  130
0.015726000000001  217    0.018540999999999  352    0.013100999999999  144    0.013919000000001  170    0.012658999999999  107    0.015294000000001  201    0.016573999999999  279    0.012834000000002  100    0.015823999999999  206
0.019939000000001  355    0.023741999999999  551    0.016041999999999  175    0.016928           236    0.015249000000001  140    0.018865999999999  286    0.021335000000001  441    0.015478000000002  151    0.020810000000001  400
0.024280999999999  558    0.029482999999999  893    0.018989999999999  245    0.019953999999999  330    0.017861           187    0.022521999999999  416    0.026309000000001  695    0.018668999999999  212    0.026015999999999  625
0.029194           830    0.036114999999999  1404   0.021944000000001  332    0.022991999999999  421    0.020489999999999  244    0.027653999999998  645    0.031469000000001  1034   0.022324999999999  331    0.032352           1041
0.034331000000002  1172   0.043666999999999  2264   0.024902999999998  415    0.026050000000002  508    0.023160000000001  316    0.033217000000001  1033   0.036860999999998  1504   0.026105999999999  463    0.040012999999998  1731
0.039677000000001  1630   0.053092           3485   0.027904           534    0.029129999999999  657    0.025867000000002  368    0.039313           1525   0.044166000000001  2291   0.029972999999998  630    0.050339000000001  3029
0.046005000000001  2302   0.065733999999999  5820   0.030930000000002  648    0.032508           811    0.028621999999999  452    0.047181999999999  2386   0.055114           3811   0.034056           858    0.063652999999999  5347
0.052886000000001  3194   0.087152           10827  0.033964999999999  790    0.035959999999999  1007   0.031410000000001  519    0.058705           4054   0.071072999999998  6819   0.038169           1109   0.079774000000001  8907
0.059909000000001  4265   0.122775000000001  20204  0.037009999999999  935    0.039494000000001  1211   0.034239           624    0.072783999999999  6800   0.095351999999998  12337  0.042307999999999  1410   0.098299000000001  13500
0.067136000000002  5517   0.202646000000001  36547  0.040106000000002  1101   0.043277           1531   0.037147999999998  755    0.095438999999999  12383  0.128038           19948  0.046471           1832   0.123479           19958
0.074683           6968   0.397728000000001  39002  0.043208           1283   0.047148           1854   0.040126999999998  899    0.123699999999999  19724  0.201730999999999  32363  0.050726000000001  2272   0.163969999999999  29278
0.082366           8583   0.619907000000001  38378  0.046377           1517   0.051138999999999  2222   0.043164000000001  1034   0.170864000000002  30356  0.359431000000001  35337  0.055147999999999  2794   0.239483           39346
0.090147999999999  10312  0.854548999999999  37373  0.049564           1739   0.055202000000001  2672   0.047122000000002  1313   0.287766999999999  40121  0.571926000000001  34821  0.059639000000001  3368   0.443774000000001  37364
0.098223000000001  12225  1.111253           36220  0.052859000000002  1982   0.059540999999999  3191   0.05114            1592   0.492553999999998  37683  0.786608000000001  34690  0.064668999999999  4119   0.672160999999999  36437
0.106521999999998  14372  1.386935           34717  0.056163000000002  2246   0.064312000000001  3779   0.055627999999999  1972   0.723500999999999  37083  1.022527           34802  0.069928000000001  4943   0.908574000000002  35882
0.115006999999999  16481  1.671828           32893  0.059494999999998  2549   0.069976000000001  4644   0.060227000000001  2423   0.964161000000001  36101  1.269179           34061  0.075433           5869   1.16783            34830
0.123795999999999  18740  1.963628           30771  0.062837999999999  2864   0.078066           6011   0.065237           3009   1.219732           34496  1.525272           33043  0.081795           7180   1.442084           33553
0.132861999999999  20986  2.260957           28444  0.066223999999998  3249   0.089015           8182   0.072073           3853   1.489129           33202  1.791718           32172  0.091298999999999  9219   1.722536           31860
0.142305           23250  2.571805           26305  0.069647           3622   0.104851           11798  0.080107000000002  5060   1.770858           30986  2.058834           30900  0.106266999999999  12735  1.995664           30162
0.151911999999999  25578  2.885502           24440  0.073243999999999  4113   0.126505000000002  17362  0.088560000000001  6590   2.064589           29144  2.331231           29664  0.127791999999999  18590  2.272858           28546
0.161859           27971  3.201153           23049  0.076968999999998  4565   0.166571999999999  27778  0.103435000000001  9780   2.355433           27523  2.595809           28152  0.162648999999998  27640  2.555135           27106
0.171937           30209  3.533076           21083  0.0809             5092   0.242172           40436  0.126895999999999  15931  2.656014           25449  2.869774           27117  0.243473999999999  40989  2.845015           25571
0.182314999999999  32318  3.865336           18899  0.086562000000001  5985   0.425089           39555  0.157281000000001  24176  2.969096           24071  3.150326           26064  0.438099000000001  39456  3.128279           24358
0.193031999999999  34246  4.208042           17420  0.092884000000002  7093   0.654160999999998  38586  0.218921999999999  37518  3.292137           22411  3.433774           24945  0.667016           37739  3.428095           23290
0.203928999999999  36134  4.56062            15779  0.100618999999998  8473   0.905322999999999  36384  0.391483999999998  41189  3.627228           20547  3.726271           24025  0.926922999999999  36094  3.742748           21889
0.215140000000002  37800  4.91086            14529  0.109648           10435  1.179096           33235  0.626452           39446  3.974443           18686  4.017049           22886  1.204562           33716  4.065405           21060
0.226794999999999  39127  5.285214           12919  0.120671000000002  13129  1.453735           30397  0.867872999999999  37693  4.320269           17119  4.331316           22055  1.485786           31361  4.393899           19640
0.2395             40287  5.667626           11401  0.134346999999998  16447  1.736889           28581  1.136356           35337  4.684438           15296  4.645212           20982  1.777555           28512  4.728104           18442
0.253509999999999  41132  6.059519           10028  0.153632000000002  21587  2.033759           25855  1.406633           32640  5.056665           13803  4.965759           19790  2.076093           26245  5.069152           17100
0.268894           41781  6.460528           8607   0.191264           30617  2.34935            23402  1.701743           30030  5.430824           11982  5.297944           18442  2.382572           24244  5.412894           16188
0.286235000000001  42019  6.842272           7372   0.29363            41882  2.675138           21065  2.005932           27413  5.822046           10495  5.6282             17470  2.697171           21811  5.7609             15092
0.306239999999999  42074  7.246312           6521   0.478836000000001  38878  3.01293            19004  2.307922           24973  6.217118           9299   5.966401           16279  3.019758           20124  6.110301           14066
0.330783           41968  7.655424           5889   0.699407999999998  36382  3.372265           16575  2.627964           22582  6.62674            7946   6.315475           14897  3.351972           18542  6.47621            13002
0.362831           41698  8.093279           5141   0.947991999999999  34190  3.732082           14384  2.951848           20333  7.033384           6827   6.668781           13797  3.700936           16945  6.842414           11907
0.432369999999999  40924  8.544869           4427   1.185205           31751  4.099294           12311  3.276721           17889  7.449195           5935   7.031574           12551  4.056232           15227  7.216098           11142
0.660613999999999  37756  9.010059           3834   1.448995           28705  4.485877           10357  3.631947           15938  7.87783            4935   7.40273            11772  4.421681           13490  7.605135           10305
0.923549000000001  34979  9.490943           3280   1.717112           26174  4.887459           8302   3.98963            14172  8.321112           4032   7.787705           11050  4.78761            12080  7.99739            9194
1.199819           32082  9.975854           2962   1.987689           23796  5.300877           6986   4.363593           12332  8.794367           3535   8.182427           9911   5.158671           10496  8.40686            8157
1.488379           29306  10.497885          2871   2.261014           21905  5.71916            5658   4.743788           10878  9.282092           3106   8.571992           9202   5.551899           8869   8.827147           7280
1.785463           26867  11.057029          2791   2.542165           20162  6.158335           4682   5.13996            9338   9.81238            2858   8.984967           8234   5.947937           7380   9.255313           6594
2.092984           24955  11.645656          2792   2.85316            18499  6.614988           3849   5.53129            7874   10.367484          2716   9.42588            7493   6.351634           6271   9.696232           5776
2.403238           23272  12.247698          2684   3.163098           16584  7.065379           3294   5.934627           6740   10.956117          2674   9.860402           6919   6.759514           5160   10.13789           5022
2.725136           21109  12.891125          2700   3.481019           15041  7.563663           3010   6.347684           5771   11.561806          2657   10.300032          6441   7.174223           4394   10.607637          4487
3.048184           19444  13.580952          2683   3.80364            13817  8.090975           2880   6.780535           4843   12.183026          2651   10.74693           5789   7.607268           3857   11.092848          4114
3.38887            17874  14.251315          2702   4.140567           12749  8.682292           2718   7.224669           4111   12.824013          2636   11.221687          5375   8.063195           3300   11.596712          3817
3.751547           15851  14.90929           2641   4.47604            11452  9.311109           2575   7.67525            3812   13.497552          2597   11.689249          4953   8.516496           2906   12.116484          3671
4.108399           14111  15.623514          2645   4.831391           10318  9.924909           2509   8.132337           3303   14.184206          2552   12.191974          4825   8.997511           2636   12.670151          3558
4.487302           12595  16.34406           2635   5.20645            8799   10.586244          2481   8.655275           3126   14.871172          2546   12.717399          4586   9.54651            2446   13.287627          3603
4.859485           11110  17.070509          2609   5.583308           7821   11.276442          2465   9.218059           3057   15.574792          2611   13.314762          4387   10.142088          2473   13.935008          3528
5.267226           9416   17.797041          2590   5.971238           7062   11.974217          2467   9.814038           2957   16.294355          2538   13.929584          4148   10.777626          2404   14.565774          3441
5.668053           8038   18.530875          2591   6.374713           6263   12.684237          2449   10.433235          2826   17.016774          2552   14.524287          4179   11.442616          2406   15.226118          3427
6.08677            7034   19.26873           2562   6.799892           5389   13.410921          2463   11.069484          2788   17.734281          2554   15.158231          4228   12.122589          2361   15.927989          3421
6.499949           6120   20.022774          2579   7.226099           4739   14.144268          2435   11.720143          2734   18.473826          2578   15.840324          4142   12.817946          2406   16.625999          3345
6.938981           5287   20.780496          2558   7.679494           4210   14.883831          2431   12.380912          2797   19.202892          2556   16.526423          4026   13.534386          2364   17.326427          3250
7.397167           4698   21.538493          2593   8.155224           3832   15.619273          2431   13.080526          2780   19.950162          2538   17.227979          4097   14.251397          2341   18.040668          3275
7.863136           3962   22.298635          2556   8.649683           3470   16.370467          2441   13.799558          2743   20.698374          2591   17.929405          4084   14.970068          2377   18.765077          3235
8.352483           3496   23.057016          2568   9.182384           3369   17.113561          2409   14.5065            2710   21.406719          2500   18.654264          4062   15.706364          2367   19.498929          3216
8.831978           3075   23.807657          2528   9.776026           3346   17.856007          2434   15.21177           2748   22.147474          2521   19.384049          4088   16.438935          2342   20.248713          3269
9.339268           2774   24.562486          2494   10.417529          3317   18.607048          2451   15.946712          2739   22.903271          2522   20.124756          4123   17.173334          2350   20.994914          3261
9.901051           2739   25.316515          2565   11.094954          3288   19.350426          2451   16.687945          2674   23.657412          2529   20.870189          4149   17.922062          2339   21.718872          3229
10.505571          2652   26.071727          2542   11.768363          3265   20.097589          2455   17.429641          2709   24.419384          2527   21.623451          4292   18.663597          2342   22.465207          3287
11.132093          2663   26.831372          2552   12.474046          3273   20.853489          2427   18.168427          2648   25.174063          2515   22.370134          4236   19.411172          2327   23.215588          3250
11.783467          2609   27.594874          2588   13.200942          3331   21.605463          2410   18.908661          2647   25.92623           2537   23.124316          4228   20.161621          2351   23.966307          3287
12.447543          2639   28.35136           2551   13.93843           3270   22.36535           2449   19.65906           2709   26.678661          2513   23.874694          4189   20.912795          2333   24.717042          3257
13.143394          2630   29.111652          2521   14.676585          3238   23.124014          2432   20.415718          2623   27.4428            2534   24.61568           4222   21.666317          2348   25.476034          3240
13.854983          2638   29.868208          2568   15.414646          3263   23.878675          2415   21.170418          2682   28.194306          2522   25.373428          4115   22.419514          2328   26.237353          3281
14.563616          2574   30.619394          2578   16.161798          3268   24.642558          2420   21.920154          2618   28.946245          2525   26.103885          4154   23.180363          2328   26.991204          3245
15.280733          2609   31.376639          2525   16.854567          3248   25.403173          2429   22.679151          2681   29.70032           2531   26.86076           4152   23.936145          2301   27.741973          3287
16.029154          2598   32.141575          2606   17.606059          3194   26.156535          2431   23.425823          2654   30.457472          2512   27.622585          4096   24.691985          2334   28.493207          3232
16.765328          2587   32.901636          2534   18.350842          3241   26.913584          2414   24.18305           2656   31.217501          2524   28.378158          4013   25.450021          2357   29.246159          3292
17.500072          2566   33.659031          2533   19.043019          3207   27.670235          2407   24.934689          2632   31.974573          2498   29.132964          4097   26.20934           2330   30.008309          3250
18.245432          2529   34.426882          2551   19.794829          3214   28.426826          2430   25.688501          2602   32.73482           2482   29.87873           4105   26.968245          2350   30.76283           3251
18.991872          2570   35.187248          2540   20.551442          3215   29.181641          2446   26.449264          2623   33.494288          2479   30.636446          4054   27.718877          2343   31.522796          3221
19.739731          2608   35.950489          2536   21.303877          3227   29.935394          2404   27.214167          2618   34.260358          2505   31.370208          4138   28.480276          2335   32.281434          3248
20.49533           2559   36.709972          2521   22.060385          3210   30.689354          2431   27.972637          2642   35.015045          2494   32.119874          4120   29.235516          2354   33.028246          3192
21.257965          2584   37.463998          2545   22.821005          3201   31.454319          2440   28.719444          2592   35.774359          2533   32.884661          4042   29.994525          2333   33.787964          3188
